
$orca_hessian_file

$act_atom
  0

$act_coord
  0

$act_energy
        0.000000

$multiplicity
  1

$hessian
39
                    0                  1                  2                  3                  4        
    0      6.3925682422E-01   8.7161132930E-02   6.8143540795E-03  -1.1890547367E-01  -1.0880836050E-02
    1      8.7161132930E-02   8.7000882058E-01  -6.2177411700E-02  -1.3837660603E-02  -5.6592231444E-01
    2      6.8143540795E-03  -6.2177411700E-02   1.2202356436E-01  -7.8236448733E-04   4.4194090606E-02
    3     -1.1890547367E-01  -1.3837660603E-02  -7.8236448733E-04   5.4146081803E-01  -9.2594483008E-02
    4     -1.0880836050E-02  -5.6592231444E-01   4.4194090606E-02  -9.2594483008E-02   9.0357532467E-01
    5     -1.0156148260E-03   4.4135477978E-02  -5.1368388658E-02   1.8911029678E-02  -6.8369107625E-02
    6     -7.3254722579E-03  -1.9656873505E-02   1.3755002010E-03  -1.7257171583E-01  -1.7448198539E-02
    7     -4.6280835511E-02  -2.1332997613E-02   9.5191767544E-04  -3.4922642664E-02  -1.2985019247E-01
    8      3.6422889834E-03   1.6566063110E-03   4.3099170698E-03   4.4905047150E-04   4.1210377397E-03
    9      6.9056219488E-04   4.8779494096E-03  -4.5791521101E-04  -3.1110148488E-02  -7.0933328419E-03
   10      6.0308282803E-03  -4.5306903280E-03   7.1346750647E-04   4.0869977541E-03   3.4034923952E-02
   11     -5.5702932321E-04   6.7994808799E-04   1.7737310184E-03  -1.1477995566E-03  -3.2942401049E-03
   12     -3.9149591127E-02  -9.4822939060E-03  -5.4032885720E-04  -1.9086828734E-03  -5.2894527061E-03
   13      1.2668871298E-02   1.8754705378E-02  -4.4408753283E-04  -7.1927171180E-03  -6.7970705138E-03
   14     -2.4290015233E-03  -1.0520758749E-03   9.5934584615E-03   5.4522444478E-04   5.0644268780E-04
   15     -1.9735888747E-01   4.3078454296E-02  -6.9230315357E-03   2.5079869122E-02   1.6728482581E-02
   16      4.0603411944E-02  -1.0734792203E-01   3.5724101886E-03   2.4706663307E-02  -3.4151494210E-02
   17     -6.7029831161E-03   3.6488553545E-03  -7.8822120897E-02  -1.6317997450E-03   3.9675804748E-03
   18     -6.3290082660E-04  -7.6747185281E-05   2.1135808843E-05  -2.3055234945E-03   1.3087335998E-02
   19     -2.1861689112E-03   1.4045770176E-03  -2.7372734710E-04  -1.5528552018E-03  -4.8878095780E-03
   20      2.0230490271E-04  -2.1489405662E-04  -1.0411566847E-03   2.7689130939E-05   9.1467100083E-04
   21      1.2326319622E-02   3.9751300110E-02  -3.6613691162E-03  -9.3868566124E-03   1.0628767474E-03
   22      2.1297636492E-02  -6.1895622747E-02   7.7546170713E-03   7.4295680731E-03   6.4148172240E-03
   23     -2.0963315144E-03   8.2667227669E-03   2.1714221738E-02  -8.9925536530E-04  -4.7028677598E-04
   24      1.0359701159E-02  -4.8121123785E-03   4.5904257457E-04  -2.3006076692E-01   1.4501306811E-01
   25      2.2612755077E-02  -1.0748980354E-02   2.3054424129E-03   1.5044807249E-01  -1.7345623483E-01
   26     -1.9031860411E-03   1.5431830699E-03   8.6392668162E-03  -1.8185082157E-02   1.5743405657E-02
   27     -3.9015757926E-03   1.4500574514E-04   3.1937677826E-04  -2.6695182597E-03  -1.9683901677E-02
   28     -2.1195701344E-03   1.0087575501E-03   4.8228898112E-04  -5.3417401389E-03  -1.0347835783E-02
   29     -1.4239737959E-03  -2.0819894648E-03  -3.3861079670E-04   4.0176210764E-03  -1.4098438857E-03
   30     -2.3386335966E-03  -3.4945502437E-03   1.4697328233E-04  -7.9053246292E-04  -7.9479796440E-04
   31     -4.0607826524E-03  -2.2921227229E-03   3.5501178005E-04  -6.2672055958E-04  -3.7140105772E-04
   32      1.9689326825E-04   3.6945672640E-04   3.1454801052E-03   4.3376281774E-05  -2.9085827013E-05
   33     -2.8905343980E-01  -1.2360846143E-01   3.7469494833E-03   4.3452638766E-03   1.6940576795E-03
   34     -1.2302042016E-01  -1.1833648094E-01   3.4263004942E-03  -2.5032689945E-02  -6.9182915715E-03
   35      3.6941698774E-03   3.4062660241E-03  -3.9130303613E-02   2.2296949201E-03   7.6896745367E-04
   36     -3.9674326497E-03  -4.3013384111E-05  -5.1885837267E-04  -1.1767324137E-03  -2.3823541981E-02
   37     -1.8281524571E-03   1.2302706482E-03  -8.5847236276E-04  -5.5470687372E-03  -1.1322421390E-02
   38      1.5786444011E-03   1.8180070057E-03  -4.9905891412E-04  -3.5780076488E-03   3.3526215927E-03
                    5                  6                  7                  8                  9        
    0     -1.0156148260E-03  -7.3254722579E-03  -4.6280835511E-02   3.6422889834E-03   6.9056219488E-04
    1      4.4135477978E-02  -1.9656873505E-02  -2.1332997613E-02   1.6566063110E-03   4.8779494096E-03
    2     -5.1368388658E-02   1.3755002010E-03   9.5191767544E-04   4.3099170698E-03  -4.5791521101E-04
    3      1.8911029678E-02  -1.7257171583E-01  -3.4922642664E-02   4.4905047150E-04  -3.1110148488E-02
    4     -6.8369107625E-02  -1.7448198539E-02  -1.2985019247E-01   4.1210377397E-03  -7.0933328419E-03
    5      1.4396755892E-01  -1.0819811602E-03   3.6240812558E-03  -7.7277237491E-02  -1.9852136604E-04
    6     -1.0819811602E-03   4.2319434653E-01   8.6741347389E-02  -1.3496253478E-02  -2.0787350613E-02
    7      3.6240812558E-03   8.6741347389E-02   5.8907286385E-01   6.8578942546E-03  -2.4740394619E-02
    8     -7.7277237491E-02  -1.3496253478E-02   6.8578942546E-03   6.3825263801E-01   3.7338205161E-03
    9     -1.9852136604E-04  -2.0787350613E-02  -2.4740394619E-02   3.7338205161E-03   8.0665964615E-01
   10     -2.9762043543E-03  -2.7772529057E-02  -1.0268706708E-01   1.4754223126E-03   4.0520841958E-01
   11     -1.5500734907E-03   3.9711299858E-03   1.5781058185E-03  -7.6559876936E-02  -1.8375396426E-02
   12      3.8857620409E-04   3.9974070527E-03   3.8922256923E-02  -3.4665736871E-03  -1.5187422639E-01
   13      4.5553695098E-04   2.1234638524E-02  -2.7951571100E-02   3.6716443160E-03  -5.3733909219E-02
   14      7.2607027676E-04  -1.9375624946E-03   4.1520584449E-03   7.3953877393E-03   1.9535285414E-03
   15     -9.4210694948E-04  -1.6060112649E-02   1.9010524889E-03  -3.1934520803E-04   2.7022365523E-02
   16      4.1886419136E-03   2.9492423729E-03   4.1198554723E-03  -1.1727438835E-03  -2.2968779088E-02
   17      6.4916803473E-03  -4.1459726748E-04  -1.2086086531E-03  -1.0428322331E-02   3.1258779425E-03
   18     -1.2352873375E-03  -8.3968642873E-02  -2.3443987506E-03  -2.5467209722E-03  -6.4984470881E-01
   19      5.1341852555E-04   1.0339920741E-02   2.6315183489E-02  -5.6814517277E-04  -3.3309279248E-01
   20      1.4613867732E-03  -3.6508047059E-03  -9.1240217580E-04   1.6496525841E-02   1.2948221387E-02
   21     -3.6238072857E-04   4.6244592916E-03  -1.5299965301E-03   2.2607395198E-04  -1.0730872522E-02
   22     -2.9482715459E-04   8.8100286544E-04  -1.4961122357E-03   2.5710922376E-04  -7.6822173650E-03
   23      5.1883382693E-04   1.9388854922E-05   1.9433428448E-04   1.2502356188E-03   1.7909770080E-04
   24     -1.7724483703E-02  -2.5327711727E-02   1.2531720583E-02  -1.8074739648E-03   3.0255704598E-03
   25      1.5885700532E-02  -2.3055255181E-02   1.2520867245E-02  -1.5888991333E-03   1.9480014030E-03
   26     -3.8322370103E-02   1.2581058114E-03  -6.1997568946E-04   1.4354360488E-03  -1.0401404302E-04
   27      2.4841999802E-02  -5.6285476670E-02  -1.7057748154E-02   2.6182640212E-02   7.4401239655E-03
   28      9.4985499925E-03  -1.8962669127E-02  -1.4234002933E-01   1.5597022805E-01   3.2454007638E-03
   29      7.4055362634E-03   2.8061231499E-02   1.4472532326E-01  -2.8919473572E-01  -5.5351200966E-03
   30      5.8824022594E-05   1.9446257524E-03  -3.9358028075E-03   2.2400426070E-04   1.4572321529E-02
   31     -2.1835256656E-05  -1.1975461773E-03  -4.0464924046E-03   8.5528736690E-04   2.8484322380E-02
   32     -4.2635606140E-04  -1.2040546476E-05   7.8487764499E-04   6.2002922311E-03  -2.0789692604E-03
   33     -6.5096048896E-05   2.6960633353E-03   2.6393405380E-03  -5.4150163727E-04  -1.0517353068E-03
   34      3.6909697740E-05  -5.3721515358E-04  -4.3915347017E-03   1.5693430637E-03   7.9248812204E-04
   35      1.4642535413E-03  -2.6181125812E-04   1.6663651739E-03   1.3943516641E-02  -9.2924169660E-05
   36     -2.1574334630E-02  -5.4130419341E-02  -1.1913241528E-02  -1.2241953621E-02   5.9884523067E-03
   37     -6.6725954497E-03  -1.3526522510E-02  -1.9793277312E-01  -1.7313448224E-01   4.8601575185E-03
   38      6.9091058525E-03  -1.3868361268E-02  -1.6176427349E-01  -2.3582377672E-01   4.9269690687E-03
                   10                 11                 12                 13                 14        
    0      6.0308282803E-03  -5.5702932321E-04  -3.9149591127E-02   1.2668871298E-02  -2.4290015233E-03
    1     -4.5306903280E-03   6.7994808799E-04  -9.4822939060E-03   1.8754705378E-02  -1.0520758749E-03
    2      7.1346750647E-04   1.7737310184E-03  -5.4032885720E-04  -4.4408753283E-04   9.5934584615E-03
    3      4.0869977541E-03  -1.1477995566E-03  -1.9086828734E-03  -7.1927171180E-03   5.4522444478E-04
    4      3.4034923952E-02  -3.2942401049E-03  -5.2894527061E-03  -6.7970705138E-03   5.0644268780E-04
    5     -2.9762043543E-03  -1.5500734907E-03   3.8857620409E-04   4.5553695098E-04   7.2607027676E-04
    6     -2.7772529057E-02   3.9711299858E-03   3.9974070527E-03   2.1234638524E-02  -1.9375624946E-03
    7     -1.0268706708E-01   1.5781058185E-03   3.8922256923E-02  -2.7951571100E-02   4.1520584449E-03
    8      1.4754223126E-03  -7.6559876936E-02  -3.4665736871E-03   3.6716443160E-03   7.3953877393E-03
    9      4.0520841958E-01  -1.8375396426E-02  -1.5187422639E-01  -5.3733909219E-02   1.9535285414E-03
   10      8.0515246714E-01  -4.0954092846E-02  -1.1415979967E-02  -3.5483176645E-01   2.5681433386E-02
   11     -4.0954092846E-02   2.0583492494E-01  -1.6758315163E-03   2.4568378739E-02  -5.5670959178E-02
   12     -1.1415979967E-02  -1.6758315163E-03   7.1981370492E-01  -5.4006865231E-02   2.2567007221E-02
   13     -3.5483176645E-01   2.4568378739E-02  -5.4006865231E-02   7.9176843451E-01  -6.3819917859E-02
   14      2.5681433386E-02  -5.5670959178E-02   2.2567007221E-02  -6.3819917859E-02   7.3891431601E-02
   15     -6.7864066818E-02   6.9857734021E-03  -2.1039932487E-01   1.9727517517E-02  -6.1446836527E-03
   16     -3.0198943706E-02   7.8560175104E-04  -6.5295984275E-03  -1.0479224760E-01   4.5793608369E-03
   17     -4.6886472920E-04  -1.3607446043E-02  -3.9094256341E-03   5.3093469666E-03  -5.0356748130E-02
   18     -3.5213075676E-01   1.4515502624E-02  -1.0521472369E-02  -4.0484179970E-02   2.5861845992E-03
   19     -3.0748208099E-01   1.0901530441E-02  -7.4412147858E-02  -5.0071343586E-02   4.2501668708E-03
   20      1.0419808433E-02  -7.6538512552E-02   5.5146279409E-03   5.1680750981E-03   2.2505576545E-02
   21      1.3473071648E-02  -1.6422533231E-03   7.2806291397E-04  -7.3910492731E-02   5.8055160244E-03
   22      1.5108364585E-02  -1.0027973730E-03  -5.0927705489E-02  -7.4527314947E-02   6.5289252565E-03
   23     -3.8358335256E-04   6.1888635834E-03   3.8502584988E-03   5.8895936305E-03   1.8253652262E-02
   24     -7.0979932602E-03   6.8067929827E-04   1.2775401427E-03   1.7823130697E-03  -9.7011126018E-05
   25     -5.4442331455E-03   5.7816571411E-04   7.7317123317E-04   1.9281659522E-03  -2.1616643738E-04
   26      3.3493649766E-04   5.8880585892E-04  -1.0548645351E-05  -1.9273340294E-04  -8.2655625054E-04
   27      1.5781508009E-02  -2.3112498190E-02  -3.8337709238E-03   1.1444385359E-03   3.5181991089E-04
   28     -1.2915573087E-02   1.4904118098E-02   2.3969376936E-03  -4.4537892264E-04  -5.5208673863E-04
   29      2.1917833698E-03   2.7116423561E-03   1.0152622624E-03  -2.2085583543E-03  -2.9799314077E-04
   30      1.6407893648E-04   3.5713343118E-04  -3.0173700748E-01   1.6942707097E-01  -2.2170374959E-02
   31     -1.9052898420E-02   2.4776932316E-03   1.6377521697E-01  -1.9044277302E-01   1.8845288707E-02
   32      1.7166969675E-03   4.5690043154E-04  -2.1684012597E-02   1.8988724867E-02  -2.5885555949E-02
   33      1.8796844038E-03  -1.8830012610E-04  -2.6547061171E-03   2.4232346169E-03  -3.2469451912E-04
   34     -1.9261976236E-03   1.7896258159E-04   4.0434630546E-03  -2.6307440062E-03   4.7453520406E-04
   35      2.0990359818E-04  -1.2563124248E-04  -4.6479165253E-04   4.2786450751E-04   1.5546817889E-03
   36      1.9551423680E-02   2.0164235136E-02  -3.7379328895E-03   9.3271763328E-04  -7.0586226907E-04
   37     -1.5226304844E-02  -1.1414330299E-02   2.1403598098E-03   3.8904305838E-05   6.1160146899E-04
   38      2.0522493714E-03   6.4976312521E-03  -1.5843097362E-03   2.1965661193E-03  -8.8244602653E-04
                   15                 16                 17                 18                 19        
    0     -1.9735888747E-01   4.0603411944E-02  -6.7029831161E-03  -6.3290082660E-04  -2.1861689112E-03
    1      4.3078454296E-02  -1.0734792203E-01   3.6488553545E-03  -7.6747185281E-05   1.4045770176E-03
    2     -6.9230315357E-03   3.5724101886E-03  -7.8822120897E-02   2.1135808843E-05  -2.7372734710E-04
    3      2.5079869122E-02   2.4706663307E-02  -1.6317997450E-03  -2.3055234945E-03  -1.5528552018E-03
    4      1.6728482581E-02  -3.4151494210E-02   3.9675804748E-03   1.3087335998E-02  -4.8878095780E-03
    5     -9.4210694948E-04   4.1886419136E-03   6.4916803473E-03  -1.2352873375E-03   5.1341852555E-04
    6     -1.6060112649E-02   2.9492423729E-03  -4.1459726748E-04  -8.3968642873E-02   1.0339920741E-02
    7      1.9010524889E-03   4.1198554723E-03  -1.2086086531E-03  -2.3443987506E-03   2.6315183489E-02
    8     -3.1934520803E-04  -1.1727438835E-03  -1.0428322331E-02  -2.5467209722E-03  -5.6814517277E-04
    9      2.7022365523E-02  -2.2968779088E-02   3.1258779425E-03  -6.4984470881E-01  -3.3309279248E-01
   10     -6.7864066818E-02  -3.0198943706E-02  -4.6886472920E-04  -3.5213075676E-01  -3.0748208099E-01
   11      6.9857734021E-03   7.8560175104E-04  -1.3607446043E-02   1.4515502624E-02   1.0901530441E-02
   12     -2.1039932487E-01  -6.5295984275E-03  -3.9094256341E-03  -1.0521472369E-02  -7.4412147858E-02
   13      1.9727517517E-02  -1.0479224760E-01   5.3093469666E-03  -4.0484179970E-02  -5.0071343586E-02
   14     -6.1446836527E-03   4.5793608369E-03  -5.0356748130E-02   2.5861845992E-03   4.2501668708E-03
   15      5.1326837743E-01  -4.4348738146E-02   1.2746840242E-02   6.3092585021E-03   2.4776650202E-02
   16     -4.4348738146E-02   1.0300268968E+00  -7.2780300823E-02   3.5463195546E-03   5.7515850951E-03
   17      1.2746840242E-02  -7.2780300823E-02   1.9455471281E-01  -3.4724056761E-04   8.5983850147E-04
   18      6.3092585021E-03   3.5463195546E-03  -3.4724056761E-04   7.5022456567E-01   3.9029298354E-01
   19      2.4776650202E-02   5.7515850951E-03   8.5983850147E-04   3.9029298354E-01   3.2807175520E-01
   20     -2.1865542259E-03   2.5770661735E-04   7.5863102991E-03  -1.3938269499E-02  -1.4792998067E-02
   21     -1.0539288906E-01  -8.1413925494E-04  -9.3568252966E-04  -1.3111127345E-03  -6.5252979539E-03
   22      5.0205103876E-03  -7.9430240442E-01   6.1632571261E-02  -1.9880228485E-03  -7.1865559819E-03
   23     -1.4408185454E-03   6.1463039712E-02  -7.4873615817E-02   1.8479084786E-04   2.7871767833E-04
   24     -2.8402323702E-03  -1.4054906089E-03  -2.9423268850E-04  -2.3223844071E-03   1.1567225364E-03
   25     -5.4507525769E-03  -2.1577050967E-03   1.1116423963E-03  -2.9540139480E-03   7.1967713318E-04
   26      5.2077475214E-05   1.2236788376E-03   1.2493660897E-02   1.8621460601E-04  -1.7596505409E-05
   27     -1.0008344953E-03  -2.5179902233E-05   1.0055988294E-03  -1.5360012720E-03  -2.5263880095E-03
   28      2.0414193435E-04  -9.0227183616E-04   9.3664207584E-04  -2.9966132290E-03   1.2093941871E-03
   29     -2.5448051984E-06   1.3492349939E-03   3.6102220767E-04   1.9043254641E-03  -6.7837154557E-04
   30     -2.1879105915E-02   1.7739495802E-02  -2.1992948943E-03  -3.2722816093E-03  -2.5840673764E-03
   31     -1.0931422985E-02   2.1873954923E-02  -1.9135066159E-03  -6.1355434658E-04   4.0301497528E-03
   32      2.5171493861E-04  -1.1186687448E-03   3.1639871422E-03   5.2619210288E-05  -7.0154500947E-04
   33     -1.5804110199E-02  -1.3275830561E-02   6.2929279749E-04   4.3580609286E-04  -4.4171545235E-04
   34      1.6879629827E-02   1.3328822018E-02  -4.4631775608E-04  -6.7454424019E-05   5.4705409041E-04
   35     -1.9585395090E-03  -1.2700200662E-03   2.7913803825E-03   2.1128454785E-05  -7.2051062298E-05
   36     -9.4437354859E-04  -1.3616269899E-04  -1.0726796004E-03  -1.2546018674E-03  -3.1363087152E-03
   37      2.3732699803E-04  -1.2481253894E-03  -6.4960498460E-04  -3.3794326931E-03   1.5784141705E-03
   38     -1.1845539459E-04  -1.0772148032E-03   6.4549912888E-04  -1.4274458085E-03   2.8546943237E-04
                   20                 21                 22                 23                 24        
    0      2.0230490271E-04   1.2326319622E-02   2.1297636492E-02  -2.0963315144E-03   1.0359701159E-02
    1     -2.1489405662E-04   3.9751300110E-02  -6.1895622747E-02   8.2667227669E-03  -4.8121123785E-03
    2     -1.0411566847E-03  -3.6613691162E-03   7.7546170713E-03   2.1714221738E-02   4.5904257457E-04
    3      2.7689130939E-05  -9.3868566124E-03   7.4295680731E-03  -8.9925536530E-04  -2.3006076692E-01
    4      9.1467100083E-04   1.0628767474E-03   6.4148172240E-03  -4.7028677598E-04   1.4501306811E-01
    5      1.4613867732E-03  -3.6238072857E-04  -2.9482715459E-04   5.1883382693E-04  -1.7724483703E-02
    6     -3.6508047059E-03   4.6244592916E-03   8.8100286544E-04   1.9388854922E-05  -2.5327711727E-02
    7     -9.1240217580E-04  -1.5299965301E-03  -1.4961122357E-03   1.9433428448E-04   1.2531720583E-02
    8      1.6496525841E-02   2.2607395198E-04   2.5710922376E-04   1.2502356188E-03  -1.8074739648E-03
    9      1.2948221387E-02  -1.0730872522E-02  -7.6822173650E-03   1.7909770080E-04   3.0255704598E-03
   10      1.0419808433E-02   1.3473071648E-02   1.5108364585E-02  -3.8358335256E-04  -7.0979932602E-03
   11     -7.6538512552E-02  -1.6422533231E-03  -1.0027973730E-03   6.1888635834E-03   6.8067929827E-04
   12      5.5146279409E-03   7.2806291397E-04  -5.0927705489E-02   3.8502584988E-03   1.2775401427E-03
   13      5.1680750981E-03  -7.3910492731E-02  -7.4527314947E-02   5.8895936305E-03   1.7823130697E-03
   14      2.2505576545E-02   5.8055160244E-03   6.5289252565E-03   1.8253652262E-02  -9.7011126018E-05
   15     -2.1865542259E-03  -1.0539288906E-01   5.0205103876E-03  -1.4408185454E-03  -2.8402323702E-03
   16      2.5770661735E-04  -8.1413925494E-04  -7.9430240442E-01   6.1463039712E-02  -1.4054906089E-03
   17      7.5863102991E-03  -9.3568252966E-04   6.1632571261E-02  -7.4873615817E-02  -2.9423268850E-04
   18     -1.3938269499E-02  -1.3111127345E-03  -1.9880228485E-03   1.8479084786E-04  -2.3223844071E-03
   19     -1.4792998067E-02  -6.5252979539E-03  -7.1865559819E-03   2.7871767833E-04   1.1567225364E-03
   20      3.4435160648E-02   5.8199144031E-04   4.2307182928E-04  -1.7814158169E-03  -1.6805559483E-04
   21      5.8199144031E-04   9.9259386506E-02   2.6114374995E-02  -2.9147851531E-04   1.2387219464E-03
   22      4.2307182928E-04   2.6114374995E-02   9.2117051100E-01  -7.4917587536E-02  -7.3593638123E-04
   23     -1.7814158169E-03  -2.9147851531E-04  -7.4917587536E-02   3.6448817807E-02   1.6653173982E-04
   24     -1.6805559483E-04   1.2387219464E-03  -7.3593638123E-04   1.6653173982E-04   2.4438332263E-01
   25     -1.3006646262E-04   1.8173785645E-03  -1.6044517458E-03  -3.9275817814E-05  -1.4724094670E-01
   26      1.6454906345E-04  -5.3888314833E-05  -1.0267170470E-04  -2.6274376305E-03   1.8691189208E-02
   27      3.5605727254E-03   2.5124701514E-04  -4.1490113537E-05  -1.6607712601E-04  -2.4572811384E-04
   28     -1.8299092204E-03  -9.5056305625E-05   5.8010629710E-04  -1.4881952448E-04   3.9704587985E-04
   29      3.4595592615E-04   3.9889812462E-05  -8.7444510843E-04  -1.5401193875E-05  -1.0878025798E-04
   30      2.2301896782E-04   5.0592865077E-03   7.5424954460E-04   1.7613988230E-04   6.0370905520E-05
   31     -6.4374164903E-04   2.7247548356E-03  -2.9841848391E-03   1.7960512043E-05   7.5063362613E-05
   32     -3.2068188659E-03   8.3391858015E-06  -3.6849139532E-05  -3.6622444218E-03   5.9869878747E-06
   33      5.3802582266E-05   3.0906623288E-03  -1.1099708531E-04   1.2887012027E-04   7.0533913091E-04
   34     -6.0886499702E-05  -1.9204556336E-03  -1.1486579474E-05  -1.6188849168E-04  -5.9075452463E-05
   35     -1.3040772958E-04   2.8436273246E-04  -1.1213110667E-04  -1.2553105286E-03   1.9275720100E-04
   36     -3.1454824808E-03   2.4358479267E-04  -5.5998155454E-05   1.9321521564E-04  -2.5374283855E-04
   37      1.4168584123E-03  -1.0329341148E-04   7.3433438990E-04   1.4597843151E-05   3.9657460222E-04
   38     -2.9715344741E-04  -3.4524137133E-06   7.4148955138E-04  -1.5919942793E-04   2.8382875429E-06
                   25                 26                 27                 28                 29        
    0      2.2612755077E-02  -1.9031860411E-03  -3.9015757926E-03  -2.1195701344E-03  -1.4239737959E-03
    1     -1.0748980354E-02   1.5431830699E-03   1.4500574514E-04   1.0087575501E-03  -2.0819894648E-03
    2      2.3054424129E-03   8.6392668162E-03   3.1937677826E-04   4.8228898112E-04  -3.3861079670E-04
    3      1.5044807249E-01  -1.8185082157E-02  -2.6695182597E-03  -5.3417401389E-03   4.0176210764E-03
    4     -1.7345623483E-01   1.5743405657E-02  -1.9683901677E-02  -1.0347835783E-02  -1.4098438857E-03
    5      1.5885700532E-02  -3.8322370103E-02   2.4841999802E-02   9.4985499925E-03   7.4055362634E-03
    6     -2.3055255181E-02   1.2581058114E-03  -5.6285476670E-02  -1.8962669127E-02   2.8061231499E-02
    7      1.2520867245E-02  -6.1997568946E-04  -1.7057748154E-02  -1.4234002933E-01   1.4472532326E-01
    8     -1.5888991333E-03   1.4354360488E-03   2.6182640212E-02   1.5597022805E-01  -2.8919473572E-01
    9      1.9480014030E-03  -1.0401404302E-04   7.4401239655E-03   3.2454007638E-03  -5.5351200966E-03
   10     -5.4442331455E-03   3.3493649766E-04   1.5781508009E-02  -1.2915573087E-02   2.1917833698E-03
   11      5.7816571411E-04   5.8880585892E-04  -2.3112498190E-02   1.4904118098E-02   2.7116423561E-03
   12      7.7317123317E-04  -1.0548645351E-05  -3.8337709238E-03   2.3969376936E-03   1.0152622624E-03
   13      1.9281659522E-03  -1.9273340294E-04   1.1444385359E-03  -4.4537892264E-04  -2.2085583543E-03
   14     -2.1616643738E-04  -8.2655625054E-04   3.5181991089E-04  -5.5208673863E-04  -2.9799314077E-04
   15     -5.4507525769E-03   5.2077475214E-05  -1.0008344953E-03   2.0414193435E-04  -2.5448051984E-06
   16     -2.1577050967E-03   1.2236788376E-03  -2.5179902233E-05  -9.0227183616E-04   1.3492349939E-03
   17      1.1116423963E-03   1.2493660897E-02   1.0055988294E-03   9.3664207584E-04   3.6102220767E-04
   18     -2.9540139480E-03   1.8621460601E-04  -1.5360012720E-03  -2.9966132290E-03   1.9043254641E-03
   19      7.1967713318E-04  -1.7596505409E-05  -2.5263880095E-03   1.2093941871E-03  -6.7837154557E-04
   20     -1.3006646262E-04   1.6454906345E-04   3.5605727254E-03  -1.8299092204E-03   3.4595592615E-04
   21      1.8173785645E-03  -5.3888314833E-05   2.5124701514E-04  -9.5056305625E-05   3.9889812462E-05
   22     -1.6044517458E-03  -1.0267170470E-04  -4.1490113537E-05   5.8010629710E-04  -8.7444510843E-04
   23     -3.9275817814E-05  -2.6274376305E-03  -1.6607712601E-04  -1.4881952448E-04  -1.5401193875E-05
   24     -1.4724094670E-01   1.8691189208E-02  -2.4572811384E-04   3.9704587985E-04  -1.0878025798E-04
   25      1.7560671766E-01  -1.7217748774E-02   3.1584242396E-04   9.0002139692E-04  -8.2960743277E-05
   26     -1.7217748774E-02   2.4122340656E-02  -1.8308757277E-04  -2.1118489503E-04   4.9008725804E-04
   27      3.1584242396E-04  -1.8308757277E-04   6.0293453824E-02   2.0800827060E-02  -3.0170902996E-02
   28      9.0002139692E-04  -2.1118489503E-04   2.0800827060E-02   1.4917063001E-01  -1.5570015279E-01
   29     -8.2960743277E-05   4.9008725804E-04  -3.0170902996E-02  -1.5570015279E-01   3.0358960905E-01
   30      1.7505030604E-04  -1.1688947109E-06   3.0254283390E-04  -4.9664205180E-05  -2.5817377315E-04
   31      6.2166257015E-05  -4.0184700192E-05   6.3395742292E-04  -5.0133056580E-04  -1.8708815261E-04
   32     -3.6622649190E-05  -4.2241541615E-04   6.3421861408E-04  -3.3354670777E-04  -9.8052695971E-06
   33      2.7558145597E-04   1.6830673938E-04   3.0639935145E-04   3.7776762984E-05   1.3640721182E-04
   34      7.3115985978E-04  -6.0025856382E-04  -6.7523750586E-04  -3.8266303890E-04  -2.7167619273E-04
   35     -5.9030597829E-04  -6.1960475099E-03  -2.0409697331E-03  -9.5169975560E-04  -2.3191428521E-04
   36      3.3416209351E-04   8.6093867751E-05   8.7913853698E-04   2.4997511695E-03   2.3026730101E-03
   37      9.4282967332E-04   1.5590923219E-04   1.1717980412E-03   1.4966173117E-02   1.5237700019E-02
   38      2.2335881762E-05   4.6068031251E-04  -1.2006058656E-03  -2.2073382967E-02  -2.4815392658E-02
                   30                 31                 32                 33                 34        
    0     -2.3386335966E-03  -4.0607826524E-03   1.9689326825E-04  -2.8905343980E-01  -1.2302042016E-01
    1     -3.4945502437E-03  -2.2921227229E-03   3.6945672640E-04  -1.2360846143E-01  -1.1833648094E-01
    2      1.4697328233E-04   3.5501178005E-04   3.1454801052E-03   3.7469494833E-03   3.4263004942E-03
    3     -7.9053246292E-04  -6.2672055958E-04   4.3376281774E-05   4.3452638766E-03  -2.5032689945E-02
    4     -7.9479796440E-04  -3.7140105772E-04  -2.9085827013E-05   1.6940576795E-03  -6.9182915715E-03
    5      5.8824022594E-05  -2.1835256656E-05  -4.2635606140E-04  -6.5096048896E-05   3.6909697740E-05
    6      1.9446257524E-03  -1.1975461773E-03  -1.2040546476E-05   2.6960633353E-03  -5.3721515358E-04
    7     -3.9358028075E-03  -4.0464924046E-03   7.8487764499E-04   2.6393405380E-03  -4.3915347017E-03
    8      2.2400426070E-04   8.5528736690E-04   6.2002922311E-03  -5.4150163727E-04   1.5693430637E-03
    9      1.4572321529E-02   2.8484322380E-02  -2.0789692604E-03  -1.0517353068E-03   7.9248812204E-04
   10      1.6407893648E-04  -1.9052898420E-02   1.7166969675E-03   1.8796844038E-03  -1.9261976236E-03
   11      3.5713343118E-04   2.4776932316E-03   4.5690043154E-04  -1.8830012610E-04   1.7896258159E-04
   12     -3.0173700748E-01   1.6377521697E-01  -2.1684012597E-02  -2.6547061171E-03   4.0434630546E-03
   13      1.6942707097E-01  -1.9044277302E-01   1.8988724867E-02   2.4232346169E-03  -2.6307440062E-03
   14     -2.2170374959E-02   1.8845288707E-02  -2.5885555949E-02  -3.2469451912E-04   4.7453520406E-04
   15     -2.1879105915E-02  -1.0931422985E-02   2.5171493861E-04  -1.5804110199E-02   1.6879629827E-02
   16      1.7739495802E-02   2.1873954923E-02  -1.1186687448E-03  -1.3275830561E-02   1.3328822018E-02
   17     -2.1992948943E-03  -1.9135066159E-03   3.1639871422E-03   6.2929279749E-04  -4.4631775608E-04
   18     -3.2722816093E-03  -6.1355434658E-04   5.2619210288E-05   4.3580609286E-04  -6.7454424019E-05
   19     -2.5840673764E-03   4.0301497528E-03  -7.0154500947E-04  -4.4171545235E-04   5.4705409041E-04
   20      2.2301896782E-04  -6.4374164903E-04  -3.2068188659E-03   5.3802582266E-05  -6.0886499702E-05
   21      5.0592865077E-03   2.7247548356E-03   8.3391858015E-06   3.0906623288E-03  -1.9204556336E-03
   22      7.5424954460E-04  -2.9841848391E-03  -3.6849139532E-05  -1.1099708531E-04  -1.1486579474E-05
   23      1.7613988230E-04   1.7960512043E-05  -3.6622444218E-03   1.2887012027E-04  -1.6188849168E-04
   24      6.0370905520E-05   7.5063362613E-05   5.9869878747E-06   7.0533913091E-04  -5.9075452463E-05
   25      1.7505030604E-04   6.2166257015E-05  -3.6622649190E-05   2.7558145597E-04   7.3115985978E-04
   26     -1.1688947109E-06  -4.0184700192E-05  -4.2241541615E-04   1.6830673938E-04  -6.0025856382E-04
   27      3.0254283390E-04   6.3395742292E-04   6.3421861408E-04   3.0639935145E-04  -6.7523750586E-04
   28     -4.9664205180E-05  -5.0133056580E-04  -3.3354670777E-04   3.7776762984E-05  -3.8266303890E-04
   29     -2.5817377315E-04  -1.8708815261E-04  -9.8052695971E-06   1.3640721182E-04  -2.7167619273E-04
   30      3.0825128651E-01  -1.7812860270E-01   2.3252629919E-02  -4.9779860989E-04   7.5451241086E-04
   31     -1.7812860270E-01   1.9327572234E-01  -1.9970348628E-02  -6.4466790666E-04   8.4653169093E-04
   32      2.3252629919E-02  -1.9970348628E-02   2.0474113805E-02   3.3740153808E-05  -2.5219463458E-05
   33     -4.9779860989E-04  -6.4466790666E-04   3.3740153808E-05   2.9728408169E-01   1.2917067266E-01
   34      7.5451241086E-04   8.4653169093E-04  -2.5219463458E-05   1.2917067266E-01   1.1931862332E-01
   35     -8.7137748929E-05  -6.3868293667E-05   3.0911385341E-04  -3.6711212397E-03  -4.3659856695E-03
   36      3.2492563056E-04   5.0606908101E-04  -7.1190765643E-04   1.9817423233E-04  -3.3119935826E-04
   37     -2.3059398993E-05  -3.9732194268E-04   3.9701702041E-04  -3.5694130908E-05  -1.7479252229E-04
   38      2.8483800435E-04   2.8444464049E-04  -1.3669158485E-04  -1.0679911105E-04   2.4478233498E-04
                   35                 36                 37                 38        
     0      3.6941698774E-03  -3.9674326497E-03  -1.8281524571E-03   1.5786444011E-03
     1      3.4062660241E-03  -4.3013384111E-05   1.2302706482E-03   1.8180070057E-03
     2     -3.9130303613E-02  -5.1885837267E-04  -8.5847236276E-04  -4.9905891412E-04
     3      2.2296949201E-03  -1.1767324137E-03  -5.5470687372E-03  -3.5780076488E-03
     4      7.6896745367E-04  -2.3823541981E-02  -1.1322421390E-02   3.3526215927E-03
     5      1.4642535413E-03  -2.1574334630E-02  -6.6725954497E-03   6.9091058525E-03
     6     -2.6181125812E-04  -5.4130419341E-02  -1.3526522510E-02  -1.3868361268E-02
     7      1.6663651739E-03  -1.1913241528E-02  -1.9793277312E-01  -1.6176427349E-01
     8      1.3943516641E-02  -1.2241953621E-02  -1.7313448224E-01  -2.3582377672E-01
     9     -9.2924169660E-05   5.9884523067E-03   4.8601575185E-03   4.9269690687E-03
    10      2.0990359818E-04   1.9551423680E-02  -1.5226304844E-02   2.0522493714E-03
    11     -1.2563124248E-04   2.0164235136E-02  -1.1414330299E-02   6.4976312521E-03
    12     -4.6479165253E-04  -3.7379328895E-03   2.1403598098E-03  -1.5843097362E-03
    13      4.2786450751E-04   9.3271763328E-04   3.8904305838E-05   2.1965661193E-03
    14      1.5546817889E-03  -7.0586226907E-04   6.1160146899E-04  -8.8244602653E-04
    15     -1.9585395090E-03  -9.4437354859E-04   2.3732699803E-04  -1.1845539459E-04
    16     -1.2700200662E-03  -1.3616269899E-04  -1.2481253894E-03  -1.0772148032E-03
    17      2.7913803825E-03  -1.0726796004E-03  -6.4960498460E-04   6.4549912888E-04
    18      2.1128454785E-05  -1.2546018674E-03  -3.3794326931E-03  -1.4274458085E-03
    19     -7.2051062298E-05  -3.1363087152E-03   1.5784141705E-03   2.8546943237E-04
    20     -1.3040772958E-04  -3.1454824808E-03   1.4168584123E-03  -2.9715344741E-04
    21      2.8436273246E-04   2.4358479267E-04  -1.0329341148E-04  -3.4524137133E-06
    22     -1.1213110667E-04  -5.5998155454E-05   7.3433438990E-04   7.4148955138E-04
    23     -1.2553105286E-03   1.9321521564E-04   1.4597843151E-05  -1.5919942793E-04
    24      1.9275720100E-04  -2.5374283855E-04   3.9657460222E-04   2.8382875429E-06
    25     -5.9030597829E-04   3.3416209351E-04   9.4282967332E-04   2.2335881762E-05
    26     -6.1960475099E-03   8.6093867751E-05   1.5590923219E-04   4.6068031251E-04
    27     -2.0409697331E-03   8.7913853698E-04   1.1717980412E-03  -1.2006058656E-03
    28     -9.5169975560E-04   2.4997511695E-03   1.4966173117E-02  -2.2073382967E-02
    29     -2.3191428521E-04   2.3026730101E-03   1.5237700019E-02  -2.4815392658E-02
    30     -8.7137748929E-05   3.2492563056E-04  -2.3059398993E-05   2.8483800435E-04
    31     -6.3868293667E-05   5.0606908101E-04  -3.9732194268E-04   2.8444464049E-04
    32      3.0911385341E-04  -7.1190765643E-04   3.9701702041E-04  -1.3669158485E-04
    33     -3.6711212397E-03   1.9817423233E-04  -3.5694130908E-05  -1.0679911105E-04
    34     -4.3659856695E-03  -3.3119935826E-04  -1.7479252229E-04   2.4478233498E-04
    35      2.7339265405E-02   2.1553257191E-03   9.4809443543E-04  -3.3259670341E-04
    36      2.1553257191E-03   5.7830960049E-02   1.5626174266E-02   1.5081841583E-02
    37      9.4809443543E-04   1.5626174266E-02   2.0681081291E-01   1.7393230612E-01
    38     -3.3259670341E-04   1.5081841583E-02   1.7393230612E-01   2.4843339894E-01

$vibrational_frequencies
39
    0        0.0000000000000000
    1        0.0000000000000000
    2        0.0000000000000000
    3        0.0000000000000000
    4        0.0000000000000000
    5        0.0000000000000000
    6       69.2242450540651078
    7      132.0751610352217540
    8      309.9906004092130161
    9      387.9399904848029905
   10      451.2715090598365464
   11      510.5879939076922938
   12      529.7802581496407583
   13      557.0592876199734746
   14      629.8344221354080901
   15      669.9017623016425205
   16      745.7640806733116960
   17      815.7898849968612467
   18      817.3048750156477809
   19      931.3866134132473462
   20      939.0237524045894588
   21      964.7759595510907502
   22      997.9880692499876886
   23     1170.2653976204769606
   24     1227.5961328527394016
   25     1253.5085698101688649
   26     1302.8158567903426501
   27     1355.4222608818715798
   28     1382.8209835889347232
   29     1441.1945260845388930
   30     1572.8993668283433180
   31     1739.7743808703885406
   32     1877.2716578625393140
   33     1988.1816334494153580
   34     3215.0546932987558648
   35     3230.0300449761002710
   36     3347.7222132554161362
   37     3382.2450613457062900
   38     3515.4605305912850781

$normal_modes
39 39
                    0                  1                  2                  3                  4        
    0      0.0000000000E+00   0.0000000000E+00   0.0000000000E+00   0.0000000000E+00   0.0000000000E+00
    1      0.0000000000E+00   0.0000000000E+00   0.0000000000E+00   0.0000000000E+00   0.0000000000E+00
    2      0.0000000000E+00   0.0000000000E+00   0.0000000000E+00   0.0000000000E+00   0.0000000000E+00
    3      0.0000000000E+00   0.0000000000E+00   0.0000000000E+00   0.0000000000E+00   0.0000000000E+00
    4      0.0000000000E+00   0.0000000000E+00   0.0000000000E+00   0.0000000000E+00   0.0000000000E+00
    5      0.0000000000E+00   0.0000000000E+00   0.0000000000E+00   0.0000000000E+00   0.0000000000E+00
    6      0.0000000000E+00   0.0000000000E+00   0.0000000000E+00   0.0000000000E+00   0.0000000000E+00
    7      0.0000000000E+00   0.0000000000E+00   0.0000000000E+00   0.0000000000E+00   0.0000000000E+00
    8      0.0000000000E+00   0.0000000000E+00   0.0000000000E+00   0.0000000000E+00   0.0000000000E+00
    9      0.0000000000E+00   0.0000000000E+00   0.0000000000E+00   0.0000000000E+00   0.0000000000E+00
   10      0.0000000000E+00   0.0000000000E+00   0.0000000000E+00   0.0000000000E+00   0.0000000000E+00
   11      0.0000000000E+00   0.0000000000E+00   0.0000000000E+00   0.0000000000E+00   0.0000000000E+00
   12      0.0000000000E+00   0.0000000000E+00   0.0000000000E+00   0.0000000000E+00   0.0000000000E+00
   13      0.0000000000E+00   0.0000000000E+00   0.0000000000E+00   0.0000000000E+00   0.0000000000E+00
   14      0.0000000000E+00   0.0000000000E+00   0.0000000000E+00   0.0000000000E+00   0.0000000000E+00
   15      0.0000000000E+00   0.0000000000E+00   0.0000000000E+00   0.0000000000E+00   0.0000000000E+00
   16      0.0000000000E+00   0.0000000000E+00   0.0000000000E+00   0.0000000000E+00   0.0000000000E+00
   17      0.0000000000E+00   0.0000000000E+00   0.0000000000E+00   0.0000000000E+00   0.0000000000E+00
   18      0.0000000000E+00   0.0000000000E+00   0.0000000000E+00   0.0000000000E+00   0.0000000000E+00
   19      0.0000000000E+00   0.0000000000E+00   0.0000000000E+00   0.0000000000E+00   0.0000000000E+00
   20      0.0000000000E+00   0.0000000000E+00   0.0000000000E+00   0.0000000000E+00   0.0000000000E+00
   21      0.0000000000E+00   0.0000000000E+00   0.0000000000E+00   0.0000000000E+00   0.0000000000E+00
   22      0.0000000000E+00   0.0000000000E+00   0.0000000000E+00   0.0000000000E+00   0.0000000000E+00
   23      0.0000000000E+00   0.0000000000E+00   0.0000000000E+00   0.0000000000E+00   0.0000000000E+00
   24      0.0000000000E+00   0.0000000000E+00   0.0000000000E+00   0.0000000000E+00   0.0000000000E+00
   25      0.0000000000E+00   0.0000000000E+00   0.0000000000E+00   0.0000000000E+00   0.0000000000E+00
   26      0.0000000000E+00   0.0000000000E+00   0.0000000000E+00   0.0000000000E+00   0.0000000000E+00
   27      0.0000000000E+00   0.0000000000E+00   0.0000000000E+00   0.0000000000E+00   0.0000000000E+00
   28      0.0000000000E+00   0.0000000000E+00   0.0000000000E+00   0.0000000000E+00   0.0000000000E+00
   29      0.0000000000E+00   0.0000000000E+00   0.0000000000E+00   0.0000000000E+00   0.0000000000E+00
   30      0.0000000000E+00   0.0000000000E+00   0.0000000000E+00   0.0000000000E+00   0.0000000000E+00
   31      0.0000000000E+00   0.0000000000E+00   0.0000000000E+00   0.0000000000E+00   0.0000000000E+00
   32      0.0000000000E+00   0.0000000000E+00   0.0000000000E+00   0.0000000000E+00   0.0000000000E+00
   33      0.0000000000E+00   0.0000000000E+00   0.0000000000E+00   0.0000000000E+00   0.0000000000E+00
   34      0.0000000000E+00   0.0000000000E+00   0.0000000000E+00   0.0000000000E+00   0.0000000000E+00
   35      0.0000000000E+00   0.0000000000E+00   0.0000000000E+00   0.0000000000E+00   0.0000000000E+00
   36      0.0000000000E+00   0.0000000000E+00   0.0000000000E+00   0.0000000000E+00   0.0000000000E+00
   37      0.0000000000E+00   0.0000000000E+00   0.0000000000E+00   0.0000000000E+00   0.0000000000E+00
   38      0.0000000000E+00   0.0000000000E+00   0.0000000000E+00   0.0000000000E+00   0.0000000000E+00
                    5                  6                  7                  8                  9        
    0      0.0000000000E+00  -4.9556257051E-03   2.9545149388E-03   7.0084196659E-03  -1.5681372383E-01
    1      0.0000000000E+00   1.5454674445E-02  -8.7481327678E-03  -2.2011639503E-02  -1.3297364521E-02
    2      0.0000000000E+00   1.8019072044E-01  -1.0285332886E-01  -2.5777967838E-01  -2.5863552333E-03
    3      0.0000000000E+00  -2.3670247224E-03   7.6755267715E-04  -6.7896863158E-03  -8.6924372900E-02
    4      0.0000000000E+00   7.4651727790E-03  -2.0842495047E-03   2.1523785931E-02   1.3635799502E-02
    5      0.0000000000E+00   8.7079579818E-02  -2.5055094816E-02   2.4921172008E-01  -3.7410507019E-03
    6      0.0000000000E+00   6.4649995151E-03  -2.4338283259E-03   9.8270391838E-04  -8.5330140395E-02
    7      0.0000000000E+00  -2.0630060123E-02   7.9611973335E-03  -3.0382327416E-03   1.9430041657E-01
    8      0.0000000000E+00  -2.3773908032E-01   9.2223322249E-02  -3.5892453268E-02  -1.9080636465E-02
    9      0.0000000000E+00  -1.7200793255E-05   1.8422008306E-03  -6.5740118121E-05  -7.8573667485E-02
   10      0.0000000000E+00   5.2720658610E-04  -5.3758268086E-03   4.5130769329E-05   6.8404935505E-02
   11      0.0000000000E+00   7.0387193503E-03  -6.2605543135E-02   2.2584397201E-05  -7.5014781289E-03
   12      0.0000000000E+00   2.3475454092E-03   1.4845543676E-02  -1.8878436948E-03  -2.8682096618E-01
   13      0.0000000000E+00  -7.0869342475E-03  -4.5891320110E-02   5.4274375140E-03   1.7017666626E-01
   14      0.0000000000E+00  -8.1669527766E-02  -5.3179208077E-01   6.1999429359E-02  -2.3644569648E-02
   15      0.0000000000E+00   2.5711627695E-04   1.4989406780E-03   3.6515710029E-03  -8.3213377402E-02
