
$orca_hessian_file

$act_atom
  0

$act_coord
  0

$act_energy
        0.000000

$multiplicity
  1

$hessian
39
                    0                  1                  2                  3                  4        
    0      6.9997253344E-01   7.7625194043E-02  -2.5238147289E-02  -1.4288219826E-01  -6.7972078558E-02
    1      7.7625194043E-02   7.5514049776E-01  -1.4696463665E-01  -2.6195574981E-02  -4.3195984280E-01
    2     -2.5238147289E-02  -1.4696463665E-01   1.3740037684E-01   8.0725626131E-03   8.2564188799E-02
    3     -1.4288219826E-01  -2.6195574981E-02   8.0725626131E-03   6.7317600773E-01  -2.9438109754E-02
    4     -6.7972078558E-02  -4.3195984280E-01   8.2564188799E-02  -2.9438109754E-02   8.2100150780E-01
    5      1.5928870110E-02   8.0277710634E-02  -7.4778635212E-02   3.4997684249E-03  -1.4167793712E-01
    6      4.6347698617E-03  -6.3838889355E-02   1.2343363045E-02  -2.7968924101E-01  -3.8530134755E-02
    7     -4.6226859126E-02  -1.8747718925E-02   6.4718590903E-03  -9.7352695012E-02  -1.8121047082E-01
    8      9.4278886497E-03   7.1013104208E-03   8.5968510319E-03   1.9702138816E-02   2.5473283308E-02
    9     -2.6875424196E-03   2.9449575244E-02  -5.2321157693E-03  -7.8180988379E-02  -1.6618784080E-02
   10      1.0750969486E-02  -2.2102836989E-02   3.6540809280E-03   2.0014112031E-02   4.6746418610E-02
   11     -1.7259956697E-03   3.5517058248E-03  -1.6326905944E-03  -2.8945084866E-03  -9.0629389728E-03
   12     -3.9778711114E-02  -1.2518422743E-02   5.4867643563E-03  -4.5918592347E-03  -5.3904504866E-03
   13      7.4047225854E-03   1.6944370586E-02  -8.6573973007E-04  -1.0823469964E-02  -8.6050110072E-03
   14     -4.4103834749E-04  -5.9128125004E-04   1.2856263447E-02   1.7668767510E-03   6.6355329410E-04
   15     -2.1504984637E-01   7.3057184299E-02  -1.5836791776E-02   4.8165591593E-02   3.6766523033E-02
   16      7.8188132197E-02  -1.3722781426E-01   1.3189669927E-02   7.7368749203E-03  -6.4106307033E-02
   17     -1.6393700910E-02   1.3262191737E-02  -7.9810994348E-02  -2.9553903297E-03   1.3212327432E-02
   18      9.6124823355E-04  -1.0883491714E-02   2.3072718210E-03   1.6916588584E-02   1.7193326790E-02
   19     -3.0409896219E-03   2.8197886895E-03  -2.7705451502E-04  -4.9037590533E-04  -6.3869296893E-03
   20      3.3334443626E-04  -4.5958650104E-04   1.4182607573E-04  -3.0130292887E-05   2.5315602613E-03
   21      1.2413476580E-02   4.1147083320E-02  -9.6421763409E-03  -1.3478818782E-02  -4.0433012082E-03
   22      2.3862607329E-02  -7.4213010546E-02   2.3738646589E-02   2.0301651179E-02   2.4990409450E-02
   23     -5.1391860231E-03   2.3412786892E-02   1.8253151971E-02  -4.5482597519E-03  -4.6846571863E-03
   24      1.0541937013E-02  -5.8459645548E-03   1.1596928617E-03  -2.2116038708E-01   1.4180646837E-01
   25      1.9550676818E-02  -9.8849399489E-03   4.0371149118E-03   1.4939025425E-01  -1.8614583990E-01
   26     -3.9998172281E-03   4.7785551981E-03   8.8972333179E-03  -3.0225204011E-02   2.8149118756E-02
   27     -4.4737938052E-03  -1.1005065042E-03   2.6519856235E-04   9.3598051761E-04  -3.3629098443E-02
   28     -6.9425104286E-04   5.1278499706E-03  -4.3802325702E-04  -4.2750440951E-03  -7.2075846159E-03
   29      2.4794417162E-04  -5.0671209668E-04   3.8326775230E-03   1.5429389292E-03   1.7412141196E-03
   30     -2.1777211200E-03  -2.4168239849E-03   2.0581032247E-03  -4.5037391955E-04  -5.2633427845E-04
   31     -1.9630451326E-03  -4.3988767527E-05   8.0621576918E-04  -9.1611430135E-04  -7.4059036161E-04
   32      2.7856152744E-03   5.2731836252E-04  -8.4955826008E-04  -4.5571199605E-05   2.8663314405E-04
   33     -3.1969363391E-01  -9.6129868244E-02   2.5808661162E-02   1.3714858707E-03   4.3480722047E-04
   34     -9.5716406775E-02  -8.5734175862E-02   1.4813582993E-02  -2.7432000371E-02  -5.7336566127E-03
   35      2.5806097410E-02   1.5352517048E-02  -3.2510130737E-02   5.6436646135E-03   6.7404864504E-04
   36     -1.7805181142E-03  -2.3323796146E-03  -1.5497351945E-03  -1.3178762254E-04  -4.0250928969E-05
   37     -1.7857874129E-03  -1.1817890802E-04  -7.3474783750E-04  -5.3209091962E-04  -6.4210301873E-04
   38     -1.5945258600E-03   2.6296335452E-04  -3.9637105237E-04   4.5962739437E-04   1.2619964263E-04
                    5                  6                  7                  8                  9        
    0      1.5928870110E-02   4.6347698617E-03  -4.6226859126E-02   9.4278886497E-03  -2.6875424196E-03
    1      8.0277710634E-02  -6.3838889355E-02  -1.8747718925E-02   7.1013104208E-03   2.9449575244E-02
    2     -7.4778635212E-02   1.2343363045E-02   6.4718590903E-03   8.5968510319E-03  -5.2321157693E-03
    3      3.4997684249E-03  -2.7968924101E-01  -9.7352695012E-02   1.9702138816E-02  -7.8180988379E-02
    4     -1.4167793712E-01  -3.8530134755E-02  -1.8121047082E-01   2.5473283308E-02  -1.6618784080E-02
    5      1.7947979538E-01   1.0686708911E-02   2.7038839744E-02  -5.3402890096E-02   2.2226463865E-03
    6      1.0686708911E-02   7.3733906034E-01   3.2237124355E-02  -2.3062401223E-03  -2.3774711140E-01
    7      2.7038839744E-02   3.2237124355E-02   8.2057421398E-01  -1.4004368416E-01   8.2468850590E-02
    8     -5.3402890096E-02  -2.3062401223E-03  -1.4004368416E-01   1.0395192066E-01  -1.7667364707E-02
    9      2.2226463865E-03  -2.3774711140E-01   8.2468850590E-02  -1.7667364707E-02   1.0719062857E+00
   10     -9.9249363637E-03   6.6864277912E-02  -1.9427977759E-01   2.6129217051E-02   1.2657042685E-01
   11     -1.9237412712E-03  -1.7316230397E-02   2.6159994527E-02  -7.0110680818E-02   5.3177485802E-03
   12      1.2669742820E-03   1.2549172893E-02   3.2653065500E-02  -5.0685596062E-03  -1.0483601880E-01
   13      1.1158295970E-03   1.7403023765E-02  -4.1407614639E-02   9.1782483386E-03   1.7175040658E-02
   14     -2.5660440059E-03  -2.4313991007E-03   1.1548888758E-02   1.1795191904E-02  -5.2265923679E-03
   15     -8.7478890623E-03  -4.5053652136E-02   5.1728289313E-03  -2.9386028758E-04   3.5752747562E-02
   16      1.4046742931E-02   2.7256813341E-02   9.8442251180E-03  -3.7517131364E-03  -3.3846911129E-02
   17     -1.9363260241E-03  -4.5900901480E-03  -4.2280130911E-03  -5.5403674175E-03   3.3877345555E-03
   18     -3.4829976286E-03  -1.0998180726E-01  -1.7588996175E-03  -3.8813904834E-03  -6.8569959717E-01
   19      2.6481340307E-03   1.5548940700E-02   3.1845310487E-02  -2.0198794900E-03  -2.4883965756E-01
   20      5.1184151309E-03  -6.0321566143E-03  -2.3524755430E-03   2.2685943404E-02   2.1388294864E-02
   21      9.8594839740E-04   9.8563690009E-03  -2.0502512783E-03   2.3331031968E-04  -1.1919689505E-02
   22     -4.8372276119E-03  -1.7218107196E-02  -5.5249992986E-03   1.5048502067E-03   5.4891043176E-03
   23      5.5279763544E-03   3.5710669012E-03   1.8029881893E-03   9.2919909712E-04  -3.1393192234E-04
   24     -2.8469608479E-02  -2.5371408377E-02   1.7535517575E-02  -3.4666314029E-03   2.6606311349E-04
   25      2.8335145504E-02  -1.6620912143E-02   1.2639728496E-02  -1.3089917073E-03  -2.3837017114E-03
   26     -5.2288722531E-02   3.7831525791E-03  -1.8455648764E-03   6.0074689965E-03   2.3611098181E-04
   27      5.9092449736E-03  -7.1518254667E-02  -2.1399322883E-02   3.4569082006E-03   7.2120314895E-03
   28      1.0181002377E-03  -2.0941561456E-02  -4.2257514136E-01   7.3646843288E-02   5.0964734999E-03
   29     -3.1385182332E-03   2.6028445260E-03   7.2269880078E-02  -3.0965919237E-02  -5.1280993778E-04
   30     -1.4609575175E-04   1.3579688956E-03  -1.8901010664E-03   7.7941650377E-05   4.8441760224E-03
   31      2.5711695595E-04  -1.3306649431E-03  -5.0423347092E-03  -3.7575837916E-04   2.1724772649E-02
   32      1.1109223062E-04   7.1227299513E-04  -2.3699230863E-03   7.8655010133E-05   1.6318785683E-03
   33     -1.2451062435E-04   3.0789851212E-03   1.2378514796E-03  -8.9040068119E-05  -9.0895700586E-04
   34      1.6754307775E-03   2.7196915835E-04  -3.9466662029E-03   2.6003431658E-03   8.5788232571E-04
   35     -4.0353457968E-04   1.5873361524E-04   2.7458137291E-03   7.5683545812E-03  -2.4348612948E-04
   36      4.8242658936E-04   5.4514874778E-04  -6.3321446210E-04  -1.3453440275E-04   1.9986007890E-03
   37      3.0456564424E-05  -1.0957743675E-03  -2.1687545321E-03   1.8581266486E-03   1.2894300678E-02
   38      2.0113286223E-04  -1.1725927469E-03   2.8092010758E-03  -1.5937271183E-03  -5.0686622297E-03
                   10                 11                 12                 13                 14        
    0      1.0750969486E-02  -1.7259956697E-03  -3.9778711114E-02   7.4047225854E-03  -4.4103834749E-04
    1     -2.2102836989E-02   3.5517058248E-03  -1.2518422743E-02   1.6944370586E-02  -5.9128125004E-04
    2      3.6540809280E-03  -1.6326905944E-03   5.4867643563E-03  -8.6573973007E-04   1.2856263447E-02
    3      2.0014112031E-02  -2.8945084866E-03  -4.5918592347E-03  -1.0823469964E-02   1.7668767510E-03
    4      4.6746418610E-02  -9.0629389728E-03  -5.3904504866E-03  -8.6050110072E-03   6.6355329410E-04
    5     -9.9249363637E-03  -1.9237412712E-03   1.2669742820E-03   1.1158295970E-03  -2.5660440059E-03
    6      6.6864277912E-02  -1.7316230397E-02   1.2549172893E-02   1.7403023765E-02  -2.4313991007E-03
    7     -1.9427977759E-01   2.6159994527E-02   3.2653065500E-02  -4.1407614639E-02   1.1548888758E-02
    8      2.6129217051E-02  -7.0110680818E-02  -5.0685596062E-03   9.1782483386E-03   1.1795191904E-02
    9      1.2657042685E-01   5.3177485802E-03  -1.0483601880E-01   1.7175040658E-02  -5.2265923679E-03
   10      5.0577589289E-01  -4.4137279602E-02   4.0803388072E-02  -8.6422013446E-02  -5.2168050695E-04
   11     -4.4137279602E-02   2.3465926530E-01  -8.0507354513E-03   2.1262044482E-03  -9.2006294054E-02
   12      4.0803388072E-02  -8.0507354513E-03   4.8285607554E-01  -1.0835047849E-01   5.1740842866E-02
   13     -8.6422013446E-02   2.1262044482E-03  -1.0835047849E-01   4.6847035836E-01   1.7677123150E-02
   14     -5.2168050695E-04  -9.2006294054E-02   5.1740842866E-02   1.7677123150E-02   6.1873371772E-01
   15     -7.3216539595E-02   8.9470856087E-03  -6.1182503955E-02   6.2650701653E-02  -1.6162484749E-02
   16     -1.2157792168E-02   1.1234724677E-03   5.9155838800E-02  -4.9432986085E-02  -6.3341420904E-03
   17      6.4654773558E-03  -5.6475301232E-03  -1.7638340717E-02  -8.4964644035E-03  -7.2211401384E-02
   18     -2.4606603996E-01   2.1908530237E-02  -1.4717795163E-02  -4.4192601479E-02   5.2802363696E-03
   19     -1.9887672718E-01   1.2889119591E-02  -6.3436313205E-02  -4.6786536722E-02   8.6085176412E-03
   20      1.3283131539E-02  -7.8457819150E-02   7.6909070537E-03   7.9677568456E-03   1.6343344976E-02
   21      1.6380562813E-02  -1.0852330308E-03  -4.4180785632E-03  -5.7038557300E-02   1.4823210223E-02
   22      1.1121190955E-02   8.2977837579E-04  -5.1366358788E-02  -5.5994181765E-02   2.0329231788E-02
   23     -4.0833398678E-03   2.2715396045E-03   1.3972283111E-02   2.1558702020E-02   7.5892756982E-03
   24     -4.5806413296E-03   9.3879085837E-04   5.2580669013E-04   5.2625849567E-04  -1.2281118682E-04
   25     -1.5922504689E-03   1.3268956694E-03   1.1011969021E-04   4.7581560496E-04  -4.1487514795E-04
   26      1.4138175019E-03   4.5876294329E-03  -1.2129788516E-04  -4.7371722658E-04  -1.4887272865E-03
   27      3.2196752981E-02  -5.3768522769E-03  -3.8853318724E-03   4.0150242530E-03  -1.1390262194E-03
   28     -1.2750358223E-02   2.1534475958E-03   7.0705091960E-04   1.3554057891E-03   9.6372711514E-04
   29      2.7853962985E-03  -5.9778396704E-04   2.8918643542E-04   7.5368409507E-04   5.5421677740E-03
   30      6.1333191380E-03   5.4804490203E-03  -1.6550130092E-01   4.8564345156E-02  -1.6311649349E-01
   31     -1.1238595775E-02   2.7170206747E-02   4.6895750836E-02  -7.6824807076E-02   7.3681169234E-02
   32      4.0453511079E-03   2.0040048833E-04  -1.5036170801E-01   7.1091706029E-02  -2.4703110972E-01
   33      1.8270761075E-03  -3.3072938037E-04  -2.4441847335E-03   1.4442772571E-03  -4.6801200803E-04
   34     -2.1132370028E-03   4.6711841492E-04   5.3902673827E-03  -1.1810118029E-03   1.1807685481E-03
   35      8.0981597232E-04   2.5951161939E-04  -8.5891024263E-04   7.8727159644E-04   3.9449337165E-03
   36      2.2849631650E-03  -5.7317704853E-03  -9.4575270763E-02   6.1253840037E-02   1.1550356272E-01
   37     -2.2109913608E-02  -2.4565453558E-02   5.5314415886E-02  -1.2059178780E-01  -1.2678149079E-01
   38      4.8677056533E-05   8.3981935300E-03   1.0164572235E-01  -1.2243011450E-01  -2.6150131879E-01
                   15                 16                 17                 18                 19        
    0     -2.1504984637E-01   7.8188132197E-02  -1.6393700910E-02   9.6124823355E-04  -3.0409896219E-03
    1      7.3057184299E-02  -1.3722781426E-01   1.3262191737E-02  -1.0883491714E-02   2.8197886895E-03
    2     -1.5836791776E-02   1.3189669927E-02  -7.9810994348E-02   2.3072718210E-03  -2.7705451502E-04
    3      4.8165591593E-02   7.7368749203E-03  -2.9553903297E-03   1.6916588584E-02  -4.9037590533E-04
    4      3.6766523033E-02  -6.4106307033E-02   1.3212327432E-02   1.7193326790E-02  -6.3869296893E-03
    5     -8.7478890623E-03   1.4046742931E-02  -1.9363260241E-03  -3.4829976286E-03   2.6481340307E-03
    6     -4.5053652136E-02   2.7256813341E-02  -4.5900901480E-03  -1.0998180726E-01   1.5548940700E-02
    7      5.1728289313E-03   9.8442251180E-03  -4.2280130911E-03  -1.7588996175E-03   3.1845310487E-02
    8     -2.9386028758E-04  -3.7517131364E-03  -5.5403674175E-03  -3.8813904834E-03  -2.0198794900E-03
    9      3.5752747562E-02  -3.3846911129E-02   3.3877345555E-03  -6.8569959717E-01  -2.4883965756E-01
   10     -7.3216539595E-02  -1.2157792168E-02   6.4654773558E-03  -2.4606603996E-01  -1.9887672718E-01
   11      8.9470856087E-03   1.1234724677E-03  -5.6475301232E-03   2.1908530237E-02   1.2889119591E-02
   12     -6.1182503955E-02   5.9155838800E-02  -1.7638340717E-02  -1.4717795163E-02  -6.3436313205E-02
   13      6.2650701653E-02  -4.9432986085E-02  -8.4964644035E-03  -4.4192601479E-02  -4.6786536722E-02
   14     -1.6162484749E-02  -6.3341420904E-03  -7.2211401384E-02   5.2802363696E-03   8.6085176412E-03
   15      3.8751999112E-01  -1.7891122437E-01   4.0154199398E-02  -1.1381264581E-03   2.2337617437E-02
   16     -1.7891122437E-01   9.7861012665E-01  -1.9235527324E-01   1.0873601507E-02   3.4500874369E-03
   17      4.0154199398E-02  -1.9235527324E-01   2.5767684292E-01  -3.3458045153E-03  -3.1902064165E-03
   18     -1.1381264581E-03   1.0873601507E-02  -3.3458045153E-03   7.9783254431E-01   2.9165059803E-01
   19      2.2337617437E-02   3.4500874369E-03  -3.1902064165E-03   2.9165059803E-01   2.1490979328E-01
   20     -2.0850069951E-03   4.1836588413E-04   2.5503231050E-03  -2.3562842698E-02  -2.0584717512E-02
   21     -9.2735586894E-02   2.2184467789E-02  -5.1924532826E-03  -5.6929921084E-04  -6.8335271604E-03
   22      3.6356771700E-02  -7.4839618904E-01   1.7457477815E-01  -1.0240173000E-02  -8.9486940423E-03
   23     -9.5109471759E-03   1.7519259220E-01  -1.1573301208E-01   2.8339168612E-03   2.9946550950E-03
   24     -1.2945999100E-03  -2.0988102447E-03   6.1544923530E-04  -1.6788779069E-03   7.2120645024E-04
   25     -2.1008715089E-03  -3.6598202569E-03   3.3880043510E-03  -1.1311003633E-03   4.0016039746E-04
   26      7.5339626810E-04   3.3762892225E-03   1.1556828585E-02   4.0924726860E-04  -2.4523460150E-04
   27     -2.9353225885E-03   2.2927775096E-04   1.7811067305E-05   8.0180690814E-04  -2.4314878647E-03
   28      2.0128091910E-03  -2.7331013248E-03   5.9248003805E-04  -4.9219549643E-03   1.3133404381E-03
   29     -7.5075501214E-04   5.5929314572E-04  -2.1213618937E-04   7.9817702623E-04  -8.1632553004E-04
   30     -2.1186159079E-02   6.7054123215E-03  -1.8097697978E-02  -1.8185003999E-03  -2.8916331816E-03
   31     -2.1501582406E-03   7.0304643968E-03  -1.2436965499E-02  -3.6793259318E-04   2.5893288888E-03
   32      1.1167039708E-03  -6.8531110789E-03   9.5214022357E-03  -8.4120592323E-04  -1.2768441225E-03
   33     -1.4469150216E-02  -8.2744604671E-03   2.2705675281E-03   5.3455385659E-04  -2.8326317619E-04
   34      1.7925939357E-02   8.3104325398E-03  -2.1030706596E-03  -3.6085594443E-04   5.1208963542E-04
   35     -3.3789916231E-03  -2.2087474667E-03   7.5211685615E-04   1.5005973224E-05  -3.0441312866E-04
   36     -1.6393382670E-02   1.0825200455E-02   2.1751892383E-02  -1.4427383194E-03  -2.0086091816E-03
   37      7.4205250414E-05   1.0468674030E-02   1.1328469229E-02   2.0301754073E-04   3.1589883829E-03
   38      5.8111651496E-03   3.5828262459E-03  -9.6574613470E-04   1.6359935439E-03   1.6032231770E-03
                   20                 21                 22                 23                 24        
    0      3.3334443626E-04   1.2413476580E-02   2.3862607329E-02  -5.1391860231E-03   1.0541937013E-02
    1     -4.5958650104E-04   4.1147083320E-02  -7.4213010546E-02   2.3412786892E-02  -5.8459645548E-03
    2      1.4182607573E-04  -9.6421763409E-03   2.3738646589E-02   1.8253151971E-02   1.1596928617E-03
    3     -3.0130292887E-05  -1.3478818782E-02   2.0301651179E-02  -4.5482597519E-03  -2.2116038708E-01
    4      2.5315602613E-03  -4.0433012082E-03   2.4990409450E-02  -4.6846571863E-03   1.4180646837E-01
    5      5.1184151309E-03   9.8594839740E-04  -4.8372276119E-03   5.5279763544E-03  -2.8469608479E-02
    6     -6.0321566143E-03   9.8563690009E-03  -1.7218107196E-02   3.5710669012E-03  -2.5371408377E-02
    7     -2.3524755430E-03  -2.0502512783E-03  -5.5249992986E-03   1.8029881893E-03   1.7535517575E-02
    8      2.2685943404E-02   2.3331031968E-04   1.5048502067E-03   9.2919909712E-04  -3.4666314029E-03
    9      2.1388294864E-02  -1.1919689505E-02   5.4891043176E-03  -3.1393192234E-04   2.6606311349E-04
   10      1.3283131539E-02   1.6380562813E-02   1.1121190955E-02  -4.0833398678E-03  -4.5806413296E-03
   11     -7.8457819150E-02  -1.0852330308E-03   8.2977837579E-04   2.2715396045E-03   9.3879085837E-04
   12      7.6909070537E-03  -4.4180785632E-03  -5.1366358788E-02   1.3972283111E-02   5.2580669013E-04
   13      7.9677568456E-03  -5.7038557300E-02  -5.5994181765E-02   2.1558702020E-02   5.2625849567E-04
   14      1.6343344976E-02   1.4823210223E-02   2.0329231788E-02   7.5892756982E-03  -1.2281118682E-04
   15     -2.0850069951E-03  -9.2735586894E-02   3.6356771700E-02  -9.5109471759E-03  -1.2945999100E-03
   16      4.1836588413E-04   2.2184467789E-02  -7.4839618904E-01   1.7519259220E-01  -2.0988102447E-03
   17      2.5503231050E-03  -5.1924532826E-03   1.7457477815E-01  -1.1573301208E-01   6.1544923530E-04
   18     -2.3562842698E-02  -5.6929921084E-04  -1.0240173000E-02   2.8339168612E-03  -1.6788779069E-03
   19     -2.0584717512E-02  -6.8335271604E-03  -8.9486940423E-03   2.9946550950E-03   7.2120645024E-04
   20      3.5577073856E-02   5.6843058544E-04   4.1303164354E-04  -7.3356447842E-04  -2.0016516149E-04
   21      5.6843058544E-04   9.0015448373E-02  -7.5883279742E-03  -2.3406529746E-04   9.6155940320E-04
   22      4.1303164354E-04  -7.5883279742E-03   8.5863997112E-01  -2.1530770942E-01  -8.3060977046E-04
   23     -7.3356447842E-04  -2.3406529746E-04  -2.1530770942E-01   8.5757614691E-02   1.7956695012E-04
   24     -2.0016516149E-04   9.6155940320E-04  -8.3060977046E-04   1.7956695012E-04   2.3599512916E-01
   25     -3.0293993454E-04   1.1609247831E-03  -5.0330534505E-04  -5.2842521446E-04  -1.4799845519E-01
   26     -7.4080018010E-04  -2.8909818791E-04  -6.8321804338E-04  -3.0549819079E-03   2.9550211157E-02
   27      5.1884103991E-04   6.6559977607E-04  -3.9496733721E-04   6.1722681326E-05   6.0854375885E-04
   28     -8.6798908598E-04  -4.3251828230E-04   2.1450862881E-03  -5.7662295570E-04   7.6940913138E-04
   29     -2.5947192555E-03   1.1227504145E-04  -5.4251116802E-04  -2.0420492932E-04  -1.3513722036E-04
   30     -5.0880270399E-04   4.4368598472E-03   1.8065009897E-03   1.3475184127E-03   3.3370624289E-05
   31     -2.9451980164E-03  -1.8635564456E-04  -1.4944758162E-03   1.7235493095E-03   5.6110898240E-05
   32      8.5852852281E-04   3.4793060859E-04   1.5347240567E-03  -3.9658239998E-04  -2.0198803624E-05
   33      3.2848979561E-05   2.2183869005E-03  -8.0651365580E-04   1.8416938175E-04   5.4773814151E-04
   34     -2.0720596622E-04  -1.4071865574E-03   1.0946688255E-03  -7.2724094738E-04  -1.0624396151E-04
   35     -5.5731873059E-04   1.8965580471E-04  -3.1093873730E-04  -1.5888011693E-03  -2.7488971823E-05
   36      1.8122996548E-03   2.5537730732E-03   5.9039452595E-04  -2.3968174020E-03   2.5125370325E-05
   37      3.0772921670E-03  -1.2549856192E-03  -2.9164707853E-03  -7.9826305209E-04   4.2795034440E-05
   38     -1.9123327654E-04  -8.2477156755E-04  -1.2224508861E-03   1.3823895534E-03   2.4696268468E-06
                   25                 26                 27                 28                 29        
    0      1.9550676818E-02  -3.9998172281E-03  -4.4737938052E-03  -6.9425104286E-04   2.4794417162E-04
    1     -9.8849399489E-03   4.7785551981E-03  -1.1005065042E-03   5.1278499706E-03  -5.0671209668E-04
    2      4.0371149118E-03   8.8972333179E-03   2.6519856235E-04  -4.3802325702E-04   3.8326775230E-03
    3      1.4939025425E-01  -3.0225204011E-02   9.3598051761E-04  -4.2750440951E-03   1.5429389292E-03
    4     -1.8614583990E-01   2.8149118756E-02  -3.3629098443E-02  -7.2075846159E-03   1.7412141196E-03
    5      2.8335145504E-02  -5.2288722531E-02   5.9092449736E-03   1.0181002377E-03  -3.1385182332E-03
    6     -1.6620912143E-02   3.7831525791E-03  -7.1518254667E-02  -2.0941561456E-02   2.6028445260E-03
    7      1.2639728496E-02  -1.8455648764E-03  -2.1399322883E-02  -4.2257514136E-01   7.2269880078E-02
    8     -1.3089917073E-03   6.0074689965E-03   3.4569082006E-03   7.3646843288E-02  -3.0965919237E-02
    9     -2.3837017114E-03   2.3611098181E-04   7.2120314895E-03   5.0964734999E-03  -5.1280993778E-04
   10     -1.5922504689E-03   1.4138175019E-03   3.2196752981E-02  -1.2750358223E-02   2.7853962985E-03
   11      1.3268956694E-03   4.5876294329E-03  -5.3768522769E-03   2.1534475958E-03  -5.9778396704E-04
   12      1.1011969021E-04  -1.2129788516E-04  -3.8853318724E-03   7.0705091960E-04   2.8918643542E-04
   13      4.7581560496E-04  -4.7371722658E-04   4.0150242530E-03   1.3554057891E-03   7.5368409507E-04
   14     -4.1487514795E-04  -1.4887272865E-03  -1.1390262194E-03   9.6372711514E-04   5.5421677740E-03
   15     -2.1008715089E-03   7.5339626810E-04  -2.9353225885E-03   2.0128091910E-03  -7.5075501214E-04
   16     -3.6598202569E-03   3.3762892225E-03   2.2927775096E-04  -2.7331013248E-03   5.5929314572E-04
   17      3.3880043510E-03   1.1556828585E-02   1.7811067305E-05   5.9248003805E-04  -2.1213618937E-04
   18     -1.1311003633E-03   4.0924726860E-04   8.0180690814E-04  -4.9219549643E-03   7.9817702623E-04
   19      4.0016039746E-04  -2.4523460150E-04  -2.4314878647E-03   1.3133404381E-03  -8.1632553004E-04
   20     -3.0293993454E-04  -7.4080018010E-04   5.1884103991E-04  -8.6798908598E-04  -2.5947192555E-03
   21      1.1609247831E-03  -2.8909818791E-04   6.6559977607E-04  -4.3251828230E-04   1.1227504145E-04
   22     -5.0330534505E-04  -6.8321804338E-04  -3.9496733721E-04   2.1450862881E-03  -5.4251116802E-04
   23     -5.2842521446E-04  -3.0549819079E-03   6.1722681326E-05  -5.7662295570E-04  -2.0420492932E-04
   24     -1.4799845519E-01   2.9550211157E-02   6.0854375885E-04   7.6940913138E-04  -1.3513722036E-04
   25      1.8634310500E-01  -3.2499970943E-02  -2.0905700507E-04   1.0879706890E-03  -6.5619403687E-04
   26     -3.2499970943E-02   3.3716815520E-02   4.6170378373E-05  -5.4772946612E-04  -2.0524007712E-03
   27     -2.0905700507E-04   4.6170378373E-05   7.2143771004E-02   2.2383525654E-02  -3.9799803391E-03
   28      1.0879706890E-03  -5.4772946612E-04   2.2383525654E-02   4.3456865917E-01  -7.5967969950E-02
   29     -6.5619403687E-04  -2.0524007712E-03  -3.9799803391E-03  -7.5967969950E-02   2.9822121606E-02
   30     -1.5015274215E-05  -2.3764758468E-04   2.1320811558E-04   1.0113880083E-04  -2.6016730420E-04
   31      6.0815125620E-05   7.3991134385E-05   9.0739578115E-04  -3.2530836810E-04  -6.1479125632E-04
   32     -9.1146889625E-06   1.0398307805E-05   3.0641193837E-04   6.0253119450E-05  -1.0274124986E-04
   33      1.7250036806E-04  -1.7756921552E-04   2.0518696137E-04   4.6536685136E-05   2.9913941632E-05
   34      7.6602199074E-04  -1.4007546657E-03  -1.0244151997E-03   9.3214844815E-05   2.1642846626E-04
   35     -1.3638317332E-03  -5.1822036590E-03   3.1154250902E-04   1.5317222053E-04   1.0382898058E-03
   36      7.7596391736E-05   2.6820601592E-04   2.6574402528E-05   1.5764447621E-04   1.2945429053E-05
   37      1.2538612257E-05  -9.1366198365E-05   4.4762030042E-04  -1.0003330398E-04   7.7805407685E-04
   38     -7.0328223750E-06   3.1462176230E-05  -3.9536820255E-04  -1.8913514292E-04  -3.6683287718E-04
                   30                 31                 32                 33                 34        
    0     -2.1777211200E-03  -1.9630451326E-03   2.7856152744E-03  -3.1969363391E-01  -9.5716406775E-02
    1     -2.4168239849E-03  -4.3988767527E-05   5.2731836252E-04  -9.6129868244E-02  -8.5734175862E-02
    2      2.0581032247E-03   8.0621576918E-04  -8.4955826008E-04   2.5808661162E-02   1.4813582993E-02
    3     -4.5037391955E-04  -9.1611430135E-04  -4.5571199605E-05   1.3714858707E-03  -2.7432000371E-02
    4     -5.2633427845E-04  -7.4059036161E-04   2.8663314405E-04   4.3480722047E-04  -5.7336566127E-03
    5     -1.4609575175E-04   2.5711695595E-04   1.1109223062E-04  -1.2451062435E-04   1.6754307775E-03
    6      1.3579688956E-03  -1.3306649431E-03   7.1227299513E-04   3.0789851212E-03   2.7196915835E-04
    7     -1.8901010664E-03  -5.0423347092E-03  -2.3699230863E-03   1.2378514796E-03  -3.9466662029E-03
    8      7.7941650377E-05  -3.7575837916E-04   7.8655010133E-05  -8.9040068119E-05   2.6003431658E-03
    9      4.8441760224E-03   2.1724772649E-02   1.6318785683E-03  -9.0895700586E-04   8.5788232571E-04
   10      6.1333191380E-03  -1.1238595775E-02   4.0453511079E-03   1.8270761075E-03  -2.1132370028E-03
   11      5.4804490203E-03   2.7170206747E-02   2.0040048833E-04  -3.3072938037E-04   4.6711841492E-04
   12     -1.6550130092E-01   4.6895750836E-02  -1.5036170801E-01  -2.4441847335E-03   5.3902673827E-03
   13      4.8564345156E-02  -7.6824807076E-02   7.1091706029E-02   1.4442772571E-03  -1.1810118029E-03
   14     -1.6311649349E-01   7.3681169234E-02  -2.4703110972E-01  -4.6801200803E-04   1.1807685481E-03
   15     -2.1186159079E-02  -2.1501582406E-03   1.1167039708E-03  -1.4469150216E-02   1.7925939357E-02
   16      6.7054123215E-03   7.0304643968E-03  -6.8531110789E-03  -8.2744604671E-03   8.3104325398E-03
   17     -1.8097697978E-02  -1.2436965499E-02   9.5214022357E-03   2.2705675281E-03  -2.1030706596E-03
   18     -1.8185003999E-03  -3.6793259318E-04  -8.4120592323E-04   5.3455385659E-04  -3.6085594443E-04
   19     -2.8916331816E-03   2.5893288888E-03  -1.2768441225E-03  -2.8326317619E-04   5.1208963542E-04
   20     -5.0880270399E-04  -2.9451980164E-03   8.5852852281E-04   3.2848979561E-05  -2.0720596622E-04
   21      4.4368598472E-03  -1.8635564456E-04   3.4793060859E-04   2.2183869005E-03  -1.4071865574E-03
   22      1.8065009897E-03  -1.4944758162E-03   1.5347240567E-03  -8.0651365580E-04   1.0946688255E-03
   23      1.3475184127E-03   1.7235493095E-03  -3.9658239998E-04   1.8416938175E-04  -7.2724094738E-04
   24      3.3370624289E-05   5.6110898240E-05  -2.0198803624E-05   5.4773814151E-04  -1.0624396151E-04
   25     -1.5015274215E-05   6.0815125620E-05  -9.1146889625E-06   1.7250036806E-04   7.6602199074E-04
   26     -2.3764758468E-04   7.3991134385E-05   1.0398307805E-05  -1.7756921552E-04  -1.4007546657E-03
   27      2.1320811558E-04   9.0739578115E-04   3.0641193837E-04   2.0518696137E-04  -1.0244151997E-03
   28      1.0113880083E-04  -3.2530836810E-04   6.0253119450E-05   4.6536685136E-05   9.3214844815E-05
   29     -2.6016730420E-04  -6.1479125632E-04  -1.0274124986E-04   2.9913941632E-05   2.1642846626E-04
   30      1.7145340300E-01  -5.2118279020E-02   1.6176121694E-01  -3.6979016357E-04   6.0739149494E-04
   31     -5.2118279020E-02   8.0653308348E-02  -7.4223104543E-02  -2.0804029942E-04   3.8605813577E-04
   32      1.6176121694E-01  -7.4223104543E-02   2.6079378020E-01   3.7078134631E-04  -4.7764493305E-04
   33     -3.6979016357E-04  -2.0804029942E-04   3.7078134631E-04   3.3021185727E-01   1.0073249888E-01
   34      6.0739149494E-04   3.8605813577E-04  -4.7764493305E-04   1.0073249888E-01   8.7327043809E-02
   35      2.7171666831E-04   1.6523586660E-04  -6.3901995345E-05  -2.7355184879E-02  -1.6209133117E-02
   36      9.1648590947E-03  -1.0351053043E-02  -1.7753442209E-02  -2.8247809386E-04   2.5640144865E-04
   37     -4.0523080422E-03   4.9901259780E-03   7.6686768721E-03  -1.8864338742E-04   2.1921770222E-04
   38      1.1359273399E-02  -1.3286587562E-02  -2.3130363373E-02  -1.4918713667E-04   1.7242857965E-04
                   35                 36                 37                 38        
     0      2.5806097410E-02  -1.7805181142E-03  -1.7857874129E-03  -1.5945258600E-03
     1      1.5352517048E-02  -2.3323796146E-03  -1.1817890802E-04   2.6296335452E-04
     2     -3.2510130737E-02  -1.5497351945E-03  -7.3474783750E-04  -3.9637105237E-04
     3      5.6436646135E-03  -1.3178762254E-04  -5.3209091962E-04   4.5962739437E-04
     4      6.7404864504E-04  -4.0250928969E-05  -6.4210301873E-04   1.2619964263E-04
     5     -4.0353457968E-04   4.8242658936E-04   3.0456564424E-05   2.0113286223E-04
     6      1.5873361524E-04   5.4514874778E-04  -1.0957743675E-03  -1.1725927469E-03
     7      2.7458137291E-03  -6.3321446210E-04  -2.1687545321E-03   2.8092010758E-03
     8      7.5683545812E-03  -1.3453440275E-04   1.8581266486E-03  -1.5937271183E-03
     9     -2.4348612948E-04   1.9986007890E-03   1.2894300678E-02  -5.0686622297E-03
    10      8.0981597232E-04   2.2849631650E-03  -2.2109913608E-02   4.8677056533E-05
    11      2.5951161939E-04  -5.7317704853E-03  -2.4565453558E-02   8.3981935300E-03
    12     -8.5891024263E-04  -9.4575270763E-02   5.5314415886E-02   1.0164572235E-01
    13      7.8727159644E-04   6.1253840037E-02  -1.2059178780E-01  -1.2243011450E-01
    14      3.9449337165E-03   1.1550356272E-01  -1.2678149079E-01  -2.6150131879E-01
    15     -3.3789916231E-03  -1.6393382670E-02   7.4205250414E-05   5.8111651496E-03
    16     -2.2087474667E-03   1.0825200455E-02   1.0468674030E-02   3.5828262459E-03
    17      7.5211685615E-04   2.1751892383E-02   1.1328469229E-02  -9.6574613470E-04
    18      1.5005973224E-05  -1.4427383194E-03   2.0301754073E-04   1.6359935439E-03
    19     -3.0441312866E-04  -2.0086091816E-03   3.1589883829E-03   1.6032231770E-03
    20     -5.5731873059E-04   1.8122996548E-03   3.0772921670E-03  -1.9123327654E-04
    21      1.8965580471E-04   2.5537730732E-03  -1.2549856192E-03  -8.2477156755E-04
    22     -3.1093873730E-04   5.9039452595E-04  -2.9164707853E-03  -1.2224508861E-03
    23     -1.5888011693E-03  -2.3968174020E-03  -7.9826305209E-04   1.3823895534E-03
    24     -2.7488971823E-05   2.5125370325E-05   4.2795034440E-05   2.4696268468E-06
    25     -1.3638317332E-03   7.7596391736E-05   1.2538612257E-05  -7.0328223750E-06
    26     -5.1822036590E-03   2.6820601592E-04  -9.1366198365E-05   3.1462176230E-05
    27      3.1154250902E-04   2.6574402528E-05   4.4762030042E-04  -3.9536820255E-04
    28      1.5317222053E-04   1.5764447621E-04  -1.0003330398E-04  -1.8913514292E-04
    29      1.0382898058E-03   1.2945429053E-05   7.7805407685E-04  -3.6683287718E-04
    30      2.7171666831E-04   9.1648590947E-03  -4.0523080422E-03   1.1359273399E-02
    31      1.6523586660E-04  -1.0351053043E-02   4.9901259780E-03  -1.3286587562E-02
    32     -6.3901995345E-05  -1.7753442209E-02   7.6686768721E-03  -2.3130363373E-02
    33     -2.7355184879E-02  -2.8247809386E-04  -1.8864338742E-04  -1.4918713667E-04
    34     -1.6209133117E-02   2.5640144865E-04   2.1921770222E-04   1.7242857965E-04
    35      2.6818647879E-02  -5.3506377529E-04  -2.9186155321E-04  -7.5963587877E-05
    36     -5.3506377529E-04   1.0029209410E-01  -6.0073649105E-02  -1.1171955652E-01
    37     -2.9186155321E-04  -6.0073649105E-02   1.2979769725E-01   1.2852595461E-01
    38     -7.5963587877E-05  -1.1171955652E-01   1.2852595461E-01   2.7820837809E-01

$vibrational_frequencies
39
    0        0.0000000000000000
    1        0.0000000000000000
    2        0.0000000000000000
    3        0.0000000000000000
    4        0.0000000000000000
    5        0.0000000000000000
    6       83.1418192243485095
    7      153.0174079986236393
    8      352.7528176121405750
    9      381.4475035677178880
   10      456.2939506246000292
   11      488.5226882311137615
   12      551.7645825150522114
   13      570.0056538777606647
   14      645.3066194106077091
   15      696.0196783283314517
   16      709.6429047142104309
   17      775.8000164903310178
   18      806.3314687313140894
   19      909.6958235209768873
   20      924.7534205504239253
   21     1013.0085953725263153
   22     1070.2049362069842573
   23     1097.3765629579911547
   24     1218.0671791172226222
   25     1263.1153039576713581
   26     1319.0709705866338481
   27     1351.2191950064136563
   28     1421.8898790293462753
   29     1510.6162927018651772
   30     1522.6848064788130159
   31     1669.5148496883562075
   32     1866.7335985690303914
   33     1913.4195447202871492
   34     3232.0617367475233550
   35     3244.9493731563320580
   36     3355.5964346412606574
   37     3397.9479983702017307
   38     3556.1244351763193663

$normal_modes
39 39
                    0                  1                  2                  3                  4        
    0      0.0000000000E+00   0.0000000000E+00   0.0000000000E+00   0.0000000000E+00   0.0000000000E+00
    1      0.0000000000E+00   0.0000000000E+00   0.0000000000E+00   0.0000000000E+00   0.0000000000E+00
    2      0.0000000000E+00   0.0000000000E+00   0.0000000000E+00   0.0000000000E+00   0.0000000000E+00
    3      0.0000000000E+00   0.0000000000E+00   0.0000000000E+00   0.0000000000E+00   0.0000000000E+00
    4      0.0000000000E+00   0.0000000000E+00   0.0000000000E+00   0.0000000000E+00   0.0000000000E+00
    5      0.0000000000E+00   0.0000000000E+00   0.0000000000E+00   0.0000000000E+00   0.0000000000E+00
    6      0.0000000000E+00   0.0000000000E+00   0.0000000000E+00   0.0000000000E+00   0.0000000000E+00
    7      0.0000000000E+00   0.0000000000E+00   0.0000000000E+00   0.0000000000E+00   0.0000000000E+00
    8      0.0000000000E+00   0.0000000000E+00   0.0000000000E+00   0.0000000000E+00   0.0000000000E+00
    9      0.0000000000E+00   0.0000000000E+00   0.0000000000E+00   0.0000000000E+00   0.0000000000E+00
   10      0.0000000000E+00   0.0000000000E+00   0.0000000000E+00   0.0000000000E+00   0.0000000000E+00
   11      0.0000000000E+00   0.0000000000E+00   0.0000000000E+00   0.0000000000E+00   0.0000000000E+00
   12      0.0000000000E+00   0.0000000000E+00   0.0000000000E+00   0.0000000000E+00   0.0000000000E+00
   13      0.0000000000E+00   0.0000000000E+00   0.0000000000E+00   0.0000000000E+00   0.0000000000E+00
   14      0.0000000000E+00   0.0000000000E+00   0.0000000000E+00   0.0000000000E+00   0.0000000000E+00
   15      0.0000000000E+00   0.0000000000E+00   0.0000000000E+00   0.0000000000E+00   0.0000000000E+00
   16      0.0000000000E+00   0.0000000000E+00   0.0000000000E+00   0.0000000000E+00   0.0000000000E+00
   17      0.0000000000E+00   0.0000000000E+00   0.0000000000E+00   0.0000000000E+00   0.0000000000E+00
   18      0.0000000000E+00   0.0000000000E+00   0.0000000000E+00   0.0000000000E+00   0.0000000000E+00
   19      0.0000000000E+00   0.0000000000E+00   0.0000000000E+00   0.0000000000E+00   0.0000000000E+00
   20      0.0000000000E+00   0.0000000000E+00   0.0000000000E+00   0.0000000000E+00   0.0000000000E+00
   21      0.0000000000E+00   0.0000000000E+00   0.0000000000E+00   0.0000000000E+00   0.0000000000E+00
   22      0.0000000000E+00   0.0000000000E+00   0.0000000000E+00   0.0000000000E+00   0.0000000000E+00
   23      0.0000000000E+00   0.0000000000E+00   0.0000000000E+00   0.0000000000E+00   0.0000000000E+00
   24      0.0000000000E+00   0.0000000000E+00   0.0000000000E+00   0.0000000000E+00   0.0000000000E+00
   25      0.0000000000E+00   0.0000000000E+00   0.0000000000E+00   0.0000000000E+00   0.0000000000E+00
   26      0.0000000000E+00   0.0000000000E+00   0.0000000000E+00   0.0000000000E+00   0.0000000000E+00
   27      0.0000000000E+00   0.0000000000E+00   0.0000000000E+00   0.0000000000E+00   0.0000000000E+00
   28      0.0000000000E+00   0.0000000000E+00   0.0000000000E+00   0.0000000000E+00   0.0000000000E+00
   29      0.0000000000E+00   0.0000000000E+00   0.0000000000E+00   0.0000000000E+00   0.0000000000E+00
   30      0.0000000000E+00   0.0000000000E+00   0.0000000000E+00   0.0000000000E+00   0.0000000000E+00
   31      0.0000000000E+00   0.0000000000E+00   0.0000000000E+00   0.0000000000E+00   0.0000000000E+00
   32      0.0000000000E+00   0.0000000000E+00   0.0000000000E+00   0.0000000000E+00   0.0000000000E+00
   33      0.0000000000E+00   0.0000000000E+00   0.0000000000E+00   0.0000000000E+00   0.0000000000E+00
   34      0.0000000000E+00   0.0000000000E+00   0.0000000000E+00   0.0000000000E+00   0.0000000000E+00
   35      0.0000000000E+00   0.0000000000E+00   0.0000000000E+00   0.0000000000E+00   0.0000000000E+00
   36      0.0000000000E+00   0.0000000000E+00   0.0000000000E+00   0.0000000000E+00   0.0000000000E+00
   37      0.0000000000E+00   0.0000000000E+00   0.0000000000E+00   0.0000000000E+00   0.0000000000E+00
   38      0.0000000000E+00   0.0000000000E+00   0.0000000000E+00   0.0000000000E+00   0.0000000000E+00
                    5                  6                  7                  8                  9        
    0      0.0000000000E+00  -1.5102875630E-03   9.7148155107E-03   4.7574281006E-02   3.1515179879E-04
    1      0.0000000000E+00   1.9596521279E-03   7.9676703882E-02  -5.2716138773E-02  -2.3307443855E-02
    2      0.0000000000E+00   1.0049404745E-02   3.4585836855E-01   5.4990096159E-03  -1.3206630545E-01
    3      0.0000000000E+00   5.3493061702E-04   5.7103236328E-03   1.2056932781E-01  -1.1712940390E-02
    4      0.0000000000E+00   4.8350871160E-03   8.8253957622E-03  -7.7743805209E-02   5.0042203748E-02
    5      0.0000000000E+00   2.5175331945E-02   1.2898859164E-02   3.1949290841E-02   2.1283429045E-01
    6      0.0000000000E+00  -1.9428165415E-04   2.4622118313E-03   8.6658534004E-02  -6.0962186013E-03
    7      0.0000000000E+00   5.6736482039E-03  -6.5950387260E-02  -1.0600180092E-01  -3.8824011885E-02
    8      0.0000000000E+00   3.1603874396E-02  -3.5440762213E-01   2.5749796072E-02  -1.3006976342E-01
    9      0.0000000000E+00   2.9851419006E-03  -1.5659026640E-03   1.7470083257E-01  -7.9923449979E-03
   10      0.0000000000E+00   7.8449105479E-03  -6.7225177302E-03   5.6166020436E-02  -3.4281154902E-02
   11      0.0000000000E+00   7.1215471181E-03  -3.3065543067E-02  -1.9631916700E-02  -8.3768233551E-02
   12      0.0000000000E+00   1.6411862543E-02   3.3442642012E-03   2.7127811498E-01   2.8115409494E-02
   13      0.0000000000E+00   4.8861692909E-02   5.8385329411E-03  -9.2157056692E-02  -1.9854554119E-02
   14      0.0000000000E+00   2.7107868981E-01   2.4443767426E-02  -4.0331970070E-02   1.2195686754E-03
   15      0.0000000000E+00  -7.8328713359E-03  -7.1814636448E-04  -1.2303505962E-01   1.3118998005E-02
