
$orca_hessian_file

$act_atom
  0

$act_coord
  0

$act_energy
        0.000000

$multiplicity
  1

$hessian
9
                    0                  1                  2                  3                  4        
    0      1.3915036135E+00  -2.7415812830E-09  -6.4805446334E-09  -6.9575172813E-01   4.5967332212E-10
    1     -2.7415812830E-09  -1.6933376273E-01  -5.6382176066E-09   1.5168503172E-08   8.4666864571E-02
    2     -6.4805446334E-09  -5.6382176066E-09  -1.6933377103E-01  -8.2457482810E-09   3.9315682309E-09
    3     -6.9575172813E-01   1.5168503172E-08  -8.2457482810E-09   6.7619632178E-01  -1.0932844334E-08
    4      4.5967332212E-10   8.4666864571E-02   3.9315682309E-09  -1.0932844334E-08  -4.2316271544E-02
    5     -1.2114132606E-08   3.9417070134E-09   8.4666869616E-02   7.8491164933E-09   3.7255377445E-09
    6     -6.9575188533E-01  -1.4299644256E-08   8.6608923067E-09   1.9555406347E-02   3.9683248218E-09
    7      4.1546303276E-09   8.4666898161E-02   1.7045317487E-09   2.2691873519E-09  -4.2350593027E-02
    8      2.4660077847E-08   1.6986282203E-09   8.4666901416E-02   1.0297710524E-11  -7.6579577322E-09
                    5                  6                  7                  8        
     0     -1.2114132606E-08  -6.9575188533E-01   4.1546303276E-09   2.4660077847E-08
     1      3.9417070134E-09  -1.4299644256E-08   8.4666898161E-02   1.6986282203E-09
     2      8.4666869616E-02   8.6608923067E-09   1.7045317487E-09   8.4666901416E-02
     3      7.8491164933E-09   1.9555406347E-02   2.2691873519E-09   1.0297710524E-11
     4      3.7255377445E-09   3.9683248218E-09  -4.2350593027E-02  -7.6579577322E-09
     5     -4.2316282902E-02   4.6513501894E-09  -7.6663930011E-09  -4.2350586714E-02
     6      4.6513501894E-09   6.7619647899E-01   1.9537508774E-09  -1.8991309027E-08
     7     -7.6663930011E-09   1.9537508774E-09  -4.2316305134E-02   5.9605953822E-09
     8     -4.2350586714E-02  -1.8991309027E-08   5.9605953822E-09  -4.2316314702E-02

$vibrational_frequencies
9
    0        0.0000000000000000
    1        0.0000000000000000
    2        0.0000000000000000
    3        0.0000000000000000
    4        0.0000000000000000
    5    -1580.8894328075743942
    6    -1580.8893674471833037
    7     4148.9479135898618551
    8     4531.8118635440496291

$normal_modes
9 9
                    0                  1                  2                  3                  4        
    0      0.0000000000E+00   0.0000000000E+00   0.0000000000E+00   0.0000000000E+00   0.0000000000E+00
    1      0.0000000000E+00   0.0000000000E+00   0.0000000000E+00   0.0000000000E+00   0.0000000000E+00
    2      0.0000000000E+00   0.0000000000E+00   0.0000000000E+00   0.0000000000E+00   0.0000000000E+00
    3      0.0000000000E+00   0.0000000000E+00   0.0000000000E+00   0.0000000000E+00   0.0000000000E+00
    4      0.0000000000E+00   0.0000000000E+00   0.0000000000E+00   0.0000000000E+00   0.0000000000E+00
    5      0.0000000000E+00   0.0000000000E+00   0.0000000000E+00   0.0000000000E+00   0.0000000000E+00
    6      0.0000000000E+00   0.0000000000E+00   0.0000000000E+00   0.0000000000E+00   0.0000000000E+00
    7      0.0000000000E+00   0.0000000000E+00   0.0000000000E+00   0.0000000000E+00   0.0000000000E+00
    8      0.0000000000E+00   0.0000000000E+00   0.0000000000E+00   0.0000000000E+00   0.0000000000E+00
                    5                  6                  7                  8        
     0      3.9917949231E-10  -2.7152881471E-11   5.5241780016E-08   8.8749429170E-02
     1      4.0045641052E-02   7.9201059405E-02  -9.6279362768E-10  -1.5588612231E-10
     2      7.9201059405E-02  -4.0045641052E-02   1.2801014526E-09  -3.6848539358E-10
     3      3.1333493579E-09  -1.2573270791E-08  -7.0710721959E-01  -7.0431603474E-01
     4     -3.1780267826E-01  -6.2854053872E-01   7.6407433664E-09   4.4454536539E-09
     5     -6.2854053872E-01   3.1780267826E-01  -1.0158910001E-08  -1.2656860909E-08
     6     -9.4691358692E-09   1.3004241873E-08   7.0710634279E-01  -7.0431701813E-01
     7     -3.1780268998E-01  -6.2854056189E-01   7.6407400332E-09  -1.9712254408E-09
     8     -6.2854056189E-01   3.1780268998E-01  -1.0158890709E-08   1.8505469869E-08

#
# The atoms: label  mass x y z (in bohrs)
#
$atoms
3
 O     15.99900     -0.000000003646     0.000000000901    -0.000000004374
 H      1.00800      1.766966745239    -0.000000007148     0.000000034715
 H      1.00800     -1.766966687373    -0.000000007148     0.000000034715

$actual_temperature
  0.000000

$frequency_scale_factor
  1.000000

$dipole_derivatives
9
   -1.0888264806E+00   -1.7866490557E-10   -1.2320908189E-09
   -2.0848554753E-11   -9.6435753152E-01   -2.7349043565E-10
    2.9139375771E-10   -2.7299442591E-10   -9.6435753216E-01
    5.4444117559E-01    2.1522903021E-10   -4.6126862064E-09
    5.3933485364E-10    4.8217273836E-01    1.1133151065E-10
    7.4547838719E-09    1.1216279618E-10    4.8217273838E-01
    5.4444115932E-01   -3.3352754906E-11    5.8430618644E-09
   -5.3745565803E-10    4.8217274636E-01    1.6227858207E-10
   -7.7900189124E-09    1.7150459579E-10    4.8217274702E-01

#
# The IR spectrum
#  wavenumber eps Int TX TY TZ
#
$ir_spectrum
9
      0.00   0.00000000   0.00000000     0.000000     0.000000     0.000000
      0.00   0.00000000   0.00000000     0.000000     0.000000     0.000000
      0.00   0.00000000   0.00000000     0.000000     0.000000     0.000000
      0.00   0.00000000   0.00000000     0.000000     0.000000     0.000000
      0.00   0.00000000   0.00000000     0.000000     0.000000     0.000000
  -1580.89   0.00000000   0.00000000     0.000000     0.000000     0.000000
  -1580.89   0.00000000   0.00000000     0.000000     0.000000     0.000000
   4148.95   0.00000000   0.00000000    -0.000000     0.000000    -0.000000
   4531.81   0.12774945 645.59336212    -0.093792     0.000000     0.000000


$end

