
$orca_hessian_file

$act_atom
  0

$act_coord
  0

$act_energy
        0.000000

$multiplicity
  1

$hessian
9
                    0                  1                  2                  3                  4        
    0      5.7836637445E-01   9.9625028644E-02  -3.1769207939E-02  -5.2974734693E-01  -2.1620518144E-02
    1      9.9625028644E-02   5.2591742519E-01  -1.6745512988E-01  -7.9721124841E-02  -4.4589057563E-02
    2     -3.1769207939E-02  -1.6745512988E-01   5.3343646423E-02   2.5422578387E-02   1.4186911388E-02
    3     -5.2974734693E-01  -7.9721124841E-02   2.5422578387E-02   5.4021220162E-01   7.1258189730E-02
    4     -2.1620518144E-02  -4.4589057563E-02   1.4186911388E-02   7.1258189730E-02   5.4224860146E-02
    5      6.9185814138E-03   1.4181447623E-02  -4.5316536321E-03  -2.2713943667E-02  -1.7248678963E-02
    6     -4.8619027512E-02  -1.9884108729E-02   6.3315910637E-03  -1.0464854687E-02  -4.9628927843E-02
    7     -7.8024305575E-02  -4.8132836763E-01   1.5326765972E-01   8.4541913680E-03  -9.6358025830E-03
    8      2.4865665014E-02   1.5327424103E-01  -4.8811992791E-02  -2.7137347758E-03   3.0610716621E-03
                    5                  6                  7                  8        
     0      6.9185814138E-03  -4.8619027512E-02  -7.8024305575E-02   2.4865665014E-02
     1      1.4181447623E-02  -1.9884108729E-02  -4.8132836763E-01   1.5327424103E-01
     2     -4.5316536321E-03   6.3315910637E-03   1.5326765972E-01  -4.8811992791E-02
     3     -2.2713943667E-02  -1.0464854687E-02   8.4541913680E-03  -2.7137347758E-03
     4     -1.7248678963E-02  -4.9628927843E-02  -9.6358025830E-03   3.0610716621E-03
     5      5.5137740674E-03   1.5800462310E-02   3.0679272519E-03  -9.8212043522E-04
     6      1.5800462310E-02   5.9083882198E-02   6.9541575389E-02  -2.2141991806E-02
     7      3.0679272519E-03   6.9541575389E-02   4.9096417021E-01  -1.5633544983E-01
     8     -9.8212043522E-04  -2.2141991806E-02  -1.5633544983E-01   4.9794113226E-02

$vibrational_frequencies
9
    0        0.0000000000000000
    1        0.0000000000000000
    2        0.0000000000000000
    3        0.0000000000000000
    4        0.0000000000000000
    5        0.0000000000000000
    6     1643.2151446826335359
    7     3865.4178349047397205
    8     3965.0523565892626721

$normal_modes
9 9
                    0                  1                  2                  3                  4        
    0      0.0000000000E+00   0.0000000000E+00   0.0000000000E+00   0.0000000000E+00   0.0000000000E+00
    1      0.0000000000E+00   0.0000000000E+00   0.0000000000E+00   0.0000000000E+00   0.0000000000E+00
    2      0.0000000000E+00   0.0000000000E+00   0.0000000000E+00   0.0000000000E+00   0.0000000000E+00
    3      0.0000000000E+00   0.0000000000E+00   0.0000000000E+00   0.0000000000E+00   0.0000000000E+00
    4      0.0000000000E+00   0.0000000000E+00   0.0000000000E+00   0.0000000000E+00   0.0000000000E+00
    5      0.0000000000E+00   0.0000000000E+00   0.0000000000E+00   0.0000000000E+00   0.0000000000E+00
    6      0.0000000000E+00   0.0000000000E+00   0.0000000000E+00   0.0000000000E+00   0.0000000000E+00
    7      0.0000000000E+00   0.0000000000E+00   0.0000000000E+00   0.0000000000E+00   0.0000000000E+00
    8      0.0000000000E+00   0.0000000000E+00   0.0000000000E+00   0.0000000000E+00   0.0000000000E+00
                    5                  6                  7                  8        
     0      0.0000000000E+00  -4.9634075596E-02  -3.5900686603E-02  -4.9161589190E-02
     1      0.0000000000E+00   4.7113376800E-02   3.4115827995E-02  -4.6995431611E-02
     2      0.0000000000E+00  -1.5004735455E-02  -1.0865257569E-02   1.4967172103E-02
     3      0.0000000000E+00   8.7549037244E-02   6.9439105157E-01   7.0086286744E-01
     4      0.0000000000E+00  -6.6690899347E-01   1.2111548782E-01   7.8327001271E-02
     5      0.0000000000E+00   2.1239812765E-01  -3.8573033344E-02  -2.4945695106E-02
     6      0.0000000000E+00   7.0024419237E-01  -1.2457449903E-01   7.9431046688E-02
     7      0.0000000000E+00  -8.0875644858E-02  -6.6260272203E-01   6.6758560819E-01
     8      0.0000000000E+00   2.5757390752E-02   2.1102666018E-01  -2.1261361687E-01

#
# The atoms: label  mass x y z (in bohrs)
#
$atoms
3
 O     15.99900     -0.089621354676     0.085076435114    -0.027095264425
 H      1.00800      1.717134756341     0.286883356063    -0.091367020507
 H      1.00800     -0.294662481075    -1.637218559816     0.521423702587

$actual_temperature
  0.000000

$frequency_scale_factor
  1.000000

$dipole_derivatives
9
   -4.0432550839E-01   -5.9787531699E-02    1.9123107634E-02
   -5.9640896269E-02   -4.3256322903E-01   -8.7331038855E-02
    1.8925567588E-02   -8.7436904507E-02   -6.7898887168E-01
    1.3033583514E-01    7.5910302004E-03   -2.3464484238E-03
    5.1746233808E-02    2.8144643750E-01    2.2959724461E-02
   -1.6328809203E-02    2.2899066383E-02    3.4596560545E-01
    2.7388918150E-01    5.2230136035E-02   -1.6765852370E-02
    7.8911133029E-03    1.5107768503E-01    6.4396363704E-02
   -2.5585368002E-03    6.4564951998E-02    3.3308239790E-01

#
# The IR spectrum
#  wavenumber eps Int TX TY TZ
#
$ir_spectrum
9
      0.00   0.00000000   0.00000000     0.000000     0.000000     0.000000
      0.00   0.00000000   0.00000000     0.000000     0.000000     0.000000
      0.00   0.00000000   0.00000000     0.000000     0.000000     0.000000
      0.00   0.00000000   0.00000000     0.000000     0.000000     0.000000
      0.00   0.00000000   0.00000000     0.000000     0.000000     0.000000
      0.00   0.00000000   0.00000000     0.000000     0.000000     0.000000
   1643.22   0.01170111  59.13260306     0.033402    -0.031702     0.010071
   3865.42   0.00178793   9.03547945     0.008513    -0.008072     0.002589
   3965.05   0.00767852  38.80411194     0.017345     0.016598    -0.005290


$end

