
$orca_hessian_file

$act_atom
  0

$act_coord
  0

$act_energy
        0.000000

$multiplicity
  1

$hessian
9
                    0                  1                  2                  3                  4        
    0      5.5596723569E-01   1.1189809831E-01  -3.5672600939E-02  -5.0555313853E-01  -2.8300614165E-02
    1      1.1189809831E-01   5.0562807681E-01  -1.6102675224E-01  -8.5217461317E-02  -4.6232894894E-02
    2     -3.5672600939E-02  -1.6102675224E-01   5.1280935361E-02   2.7153664124E-02   1.4710613751E-02
    3     -5.0555313853E-01  -8.5217461317E-02   2.7153664124E-02   5.1500521702E-01   7.6725428532E-02
    4     -2.8300614165E-02  -4.6232894894E-02   1.4710613751E-02   7.6725428532E-02   5.4957686753E-02
    5      9.0531867658E-03   1.4725725742E-02  -4.6726915855E-03  -2.4458752635E-02  -1.7491480094E-02
    6     -5.0414097156E-02  -2.6674543509E-02   8.4972906525E-03  -9.4520784848E-03  -4.8419824791E-02
    7     -8.3603577631E-02  -4.5939518191E-01   1.4631572492E-01   8.4870432089E-03  -8.7247918588E-03
    8      2.6641060336E-02   1.4630144007E-01  -4.6608243775E-02  -2.7125691406E-03   2.7782610485E-03
                    5                  6                  7                  8        
     0      9.0531867658E-03  -5.0414097156E-02  -8.3603577631E-02   2.6641060336E-02
     1      1.4725725742E-02  -2.6674543509E-02  -4.5939518191E-01   1.4630144007E-01
     2     -4.6726915855E-03   8.4972906525E-03   1.4631572492E-01  -4.6608243775E-02
     3     -2.4458752635E-02  -9.4520784848E-03   8.4870432089E-03  -2.7125691406E-03
     4     -1.7491480094E-02  -4.8419824791E-02  -8.7247918588E-03   2.7782610485E-03
     5      5.5558852836E-03   1.5423223521E-02   2.7683596466E-03  -8.8319369816E-04
     6      1.5423223521E-02   5.9866175641E-02   7.5105451361E-02  -2.3924502684E-02
     7      2.7683596466E-03   7.5105451361E-02   4.6811997377E-01  -1.4908189284E-01
     8     -8.8319369816E-04  -2.3924502684E-02  -1.4908189284E-01   4.7491437473E-02

$vibrational_frequencies
9
    0        0.0000000000000000
    1        0.0000000000000000
    2        0.0000000000000000
    3        0.0000000000000000
    4        0.0000000000000000
    5        0.0000000000000000
    6     1616.0442540166502567
    7     3781.3543765170998086
    8     3886.0417226141867104

$normal_modes
9 9
                    0                  1                  2                  3                  4        
    0      0.0000000000E+00   0.0000000000E+00   0.0000000000E+00   0.0000000000E+00   0.0000000000E+00
    1      0.0000000000E+00   0.0000000000E+00   0.0000000000E+00   0.0000000000E+00   0.0000000000E+00
    2      0.0000000000E+00   0.0000000000E+00   0.0000000000E+00   0.0000000000E+00   0.0000000000E+00
    3      0.0000000000E+00   0.0000000000E+00   0.0000000000E+00   0.0000000000E+00   0.0000000000E+00
    4      0.0000000000E+00   0.0000000000E+00   0.0000000000E+00   0.0000000000E+00   0.0000000000E+00
    5      0.0000000000E+00   0.0000000000E+00   0.0000000000E+00   0.0000000000E+00   0.0000000000E+00
    6      0.0000000000E+00   0.0000000000E+00   0.0000000000E+00   0.0000000000E+00   0.0000000000E+00
    7      0.0000000000E+00   0.0000000000E+00   0.0000000000E+00   0.0000000000E+00   0.0000000000E+00
    8      0.0000000000E+00   0.0000000000E+00   0.0000000000E+00   0.0000000000E+00   0.0000000000E+00
                    5                  6                  7                  8        
     0      0.0000000000E+00   5.0460144553E-02   3.4824918649E-02   4.9850010782E-02
     1      0.0000000000E+00  -4.7899451709E-02  -3.3066361870E-02   4.7673588105E-02
     2      0.0000000000E+00   1.5255085714E-02   1.0531022101E-02  -1.5183152351E-02
     3      0.0000000000E+00  -1.0273422461E-01  -6.9183953997E-01  -6.9898612603E-01
     4      0.0000000000E+00   6.6488465198E-01  -1.3499040201E-01  -9.0423442057E-02
     5      0.0000000000E+00  -2.1175341249E-01   4.2991935810E-02   2.8798186825E-02
     6      0.0000000000E+00  -6.9817039116E-01   1.3909760201E-01  -9.2234432005E-02
     7      0.0000000000E+00   9.5376586006E-02   6.5982048492E-01  -6.6625288343E-01
     8      0.0000000000E+00  -3.0375671175E-02  -2.1014056934E-01   2.1218916879E-01

#
# The atoms: label  mass x y z (in bohrs)
#
$atoms
3
 O     15.99900     -0.087572647353     0.083131975192    -0.026475990055
 H      1.00800      1.715540579462     0.316346112705    -0.100750361274
 H      1.00800     -0.325585435618    -1.635818802281     0.520977905811

$actual_temperature
  0.000000

$frequency_scale_factor
  1.000000

$dipole_derivatives
9
   -4.2214454714E-01   -5.4332381160E-02    1.7320386545E-02
   -5.4233867466E-02   -4.5126060166E-01   -9.0280549302E-02
    1.7193403944E-02   -9.0287422475E-02   -7.0600728781E-01
    1.2263030701E-01    1.8276285302E-02   -5.7313143139E-03
    3.5525083291E-02    3.0582987322E-01    1.9530237195E-02
   -1.1228540486E-02    1.9568665363E-02    3.6102915844E-01
    2.9942442714E-01    3.6115515832E-02   -1.1596261666E-02
    1.8769228810E-02    1.4534640402E-01    7.0754847091E-02
   -5.9411896616E-03    7.0756939516E-02    3.4499214616E-01

#
# The IR spectrum
#  wavenumber eps Int TX TY TZ
#
$ir_spectrum
9
      0.00   0.00000000   0.00000000     0.000000     0.000000     0.000000
      0.00   0.00000000   0.00000000     0.000000     0.000000     0.000000
      0.00   0.00000000   0.00000000     0.000000     0.000000     0.000000
      0.00   0.00000000   0.00000000     0.000000     0.000000     0.000000
      0.00   0.00000000   0.00000000     0.000000     0.000000     0.000000
      0.00   0.00000000   0.00000000     0.000000     0.000000     0.000000
   1616.04   0.01594963  80.60289616    -0.039321     0.037318    -0.011879
   3781.35   0.00083125   4.20079032    -0.005873     0.005562    -0.001781
   3886.04   0.00854416  43.17866984    -0.018483    -0.017687     0.005628


$end

