
$orca_hessian_file

$act_atom
  0

$act_coord
  0

$act_energy
        0.000000

$multiplicity
  1

$hessian
39
                    0                  1                  2                  3                  4        
    0      6.9462623620E-01   9.3401946920E-02  -6.6109376969E-02  -1.3957911516E-01  -5.9818408449E-02
    1      9.3401946920E-02   7.8286860045E-01  -1.1006760757E-01  -3.4766248523E-02  -4.7110778815E-01
    2     -6.6109376969E-02  -1.1006760757E-01   1.3392155922E-01   1.2662448903E-02   6.7798143330E-02
    3     -1.3957911516E-01  -3.4766248523E-02   1.2662448903E-02   6.4885011174E-01  -5.5700042927E-02
    4     -5.9818408449E-02  -4.7110778815E-01   6.7798143330E-02  -5.5700042927E-02   8.6181486155E-01
    5      1.6385379770E-02   6.5648910501E-02  -6.8861176033E-02  -3.8301251937E-02  -1.0313799933E-01
    6     -4.3914970784E-03  -5.8608080274E-02   1.0032482528E-02  -2.6418965489E-01  -2.9384297690E-02
    7     -4.6349958066E-02  -1.6295460839E-02   8.0084596337E-03  -7.1575118665E-02  -1.6160282503E-01
    8      8.1248702087E-03   9.1415767701E-03   6.4374660355E-03   3.0624072119E-02   1.8610666843E-02
    9     -6.7800232019E-05   2.1393798657E-02  -2.9234385224E-03  -7.3014367935E-02   1.3981178797E-03
   10      9.0025527242E-03  -2.9222994686E-02   3.9365440779E-03   3.9456223491E-02   4.3859843868E-02
   11     -9.0445540689E-04   2.8492163739E-03   1.2343322998E-03   1.1682874897E-03  -6.9170718071E-03
   12     -4.4069103162E-02  -3.3095986441E-03   5.1940986360E-03  -6.2493143134E-03  -1.5190526486E-03
   13      7.6376957331E-03   3.4329938787E-02  -4.6744522936E-03  -2.9226846106E-02  -1.8188702820E-02
   14      3.6761286016E-03  -3.7968005615E-03   7.6871272930E-03   4.9582477275E-03   2.9039057765E-03
   15     -2.0643884128E-01   5.3204760083E-02   2.9852114286E-03   4.9970117923E-02   2.7670000984E-02
   16      6.2309941385E-02  -1.3653371081E-01   3.3608977825E-03   1.4594570695E-02  -4.6282951380E-02
   17      1.4847765451E-03   3.9413941807E-03  -7.7841887688E-02  -6.6819740072E-03   4.9273483997E-03
   18     -3.9680291723E-03  -2.4661589623E-03   7.0518372089E-04   5.6932585900E-03   5.8473988455E-03
   19     -3.3305108426E-03   3.2974381713E-03  -3.0713678400E-04  -2.3596458977E-03  -7.7545453269E-03
   20      8.0468738974E-04  -3.6874898804E-04  -9.3434790076E-04   4.1680056887E-04   1.4576322028E-03
   21      1.5637238592E-02   3.8405360473E-02  -5.2509719760E-03  -1.2647992475E-02   9.9207028097E-05
   22      1.8926783686E-02  -6.9071203672E-02   1.2207800919E-02   1.6529109801E-02   1.5107140275E-02
   23     -2.2895067268E-03   1.0564515589E-02   2.1215409361E-02  -1.1036888347E-03  -1.8152595109E-03
   24      1.1527319666E-02  -6.2768690767E-03   7.4810769822E-04  -2.0813614461E-01   1.4652826453E-01
   25      1.9522681260E-02  -1.0580384190E-02   1.2398439302E-03   1.5554225673E-01  -2.0615894214E-01
   26     -3.1503857732E-03   3.6714961537E-03   8.9413450324E-03  -8.5923813769E-03   1.1405558065E-02
   27     -5.4930138484E-03  -9.9058836194E-04   9.4523490393E-04   1.4367780831E-03  -3.3041892170E-02
   28     -2.2420614884E-04   3.8485392456E-03  -1.3854262813E-04  -4.0774162248E-03  -4.3366478274E-03
   29      9.0142308146E-04   2.2999304569E-05   3.1148225159E-03   2.1267670026E-04   3.7597857424E-03
   30     -3.1505989379E-01  -9.8208509647E-02   4.0175158003E-02   1.6529826413E-03   9.6873704497E-04
   31     -9.7734847444E-02  -9.0092216269E-02   1.7610244047E-02  -2.7054783824E-02  -4.3788139617E-03
   32      4.0060443372E-02   1.7619308009E-02  -3.8017913120E-02   4.0359071334E-03   7.1249865456E-04
   33     -3.0557783310E-03  -2.7329483727E-03   1.0128186892E-03  -1.8561953785E-03  -1.6853258289E-03
   34     -3.9170934923E-03  -1.8798961563E-03   1.1484941152E-03  -3.3477087235E-04   5.4138010295E-05
   35      1.1473881023E-03   1.0162621604E-03   3.0446227564E-03   1.5654233938E-04  -1.6783139184E-06
   36      3.3227760247E-04   9.7568652872E-04  -1.7631592855E-04  -1.9304642139E-03  -1.3819151386E-03
   37      5.5087193341E-04   4.3913811874E-04  -1.2252333263E-04  -1.0080791401E-03  -1.0247670706E-03
   38     -1.3201331059E-04  -2.4268714891E-04   5.8640231532E-05   4.4848967900E-04   2.9930510643E-04
                    5                  6                  7                  8                  9        
    0      1.6385379770E-02  -4.3914970784E-03  -4.6349958066E-02   8.1248702087E-03  -6.7800232019E-05
    1      6.5648910501E-02  -5.8608080274E-02  -1.6295460839E-02   9.1415767701E-03   2.1393798657E-02
    2     -6.8861176033E-02   1.0032482528E-02   8.0084596337E-03   6.4374660355E-03  -2.9234385224E-03
    3     -3.8301251937E-02  -2.6418965489E-01  -7.1575118665E-02   3.0624072119E-02  -7.3014367935E-02
    4     -1.0313799933E-01  -2.9384297690E-02  -1.6160282503E-01   1.8610666843E-02   1.3981178797E-03
    5      1.5978464702E-01   2.4159946133E-02   2.2817812242E-02  -5.6775263946E-02   7.2527349096E-03
    6      2.4159946133E-02   7.2684009039E-01  -1.7009709894E-02  -5.7026905635E-02  -2.7334416212E-01
    7      2.2817812242E-02  -1.7009709894E-02   8.8485757546E-01  -1.1371129990E-01   1.1951007234E-01
    8     -5.6775263946E-02  -5.7026905635E-02  -1.1371129990E-01   1.0990703889E-01   9.5031350096E-04
    9      7.2527349096E-03  -2.7334416212E-01   1.1951007234E-01   9.5031350096E-04   8.6303519828E-01
   10     -1.0639939240E-02   8.1303161135E-02  -2.4899937312E-01   1.8232450521E-02   2.0277989485E-02
   11      2.1887297497E-03   6.9719384486E-03   1.4559181283E-02  -7.2596577217E-02  -6.7790996853E-02
   12      6.8308569297E-04   1.8068433209E-02   3.3688058661E-02  -5.4267254966E-03  -1.5641703553E-01
   13      5.3029672991E-03   5.0162223610E-02  -6.7464071346E-02   7.7232490841E-03  -3.6223595946E-02
   14     -1.9394280070E-03  -8.0826851524E-03   8.9691824116E-03   1.3143233637E-02   1.3511204640E-02
   15     -8.5853030132E-03  -4.9555038631E-02   1.8760854944E-02   1.0744177565E-03   2.6967556893E-02
   16      6.2121098454E-03   1.4287408286E-02   1.1762264716E-02  -4.1651450854E-03  -4.0504496921E-02
   17      2.6208175350E-03   1.7814242806E-03  -4.6816008629E-03  -6.7223056122E-03   2.9994621800E-03
   18     -7.6649800472E-04  -7.3009163957E-02  -1.7723708174E-04   8.4242180352E-03  -3.8306306326E-01
   19      2.4200587171E-03   2.4991678798E-02   2.3067455594E-02  -3.4923355401E-03  -1.0945208790E-01
   20      6.4226394895E-03   4.9155871202E-03  -1.1042384684E-03   1.4849827854E-02   4.9343125257E-02
   21      1.4202916507E-03   9.1969311626E-03  -4.8079152445E-03  -7.6511448154E-05  -9.9836345854E-03
   22     -3.2825490934E-03  -1.1297180472E-02  -9.0462695970E-03   2.4992218657E-03   3.9808803644E-03
   23      3.6346845583E-03   9.0172758274E-04   1.9115959826E-03   3.2296725988E-05   8.8336608013E-04
   24     -7.1285382548E-03  -2.4216565494E-02   1.9450734998E-02  -3.9787198497E-04  -1.1107620558E-03
   25      1.0612008336E-02  -1.5106939844E-02   1.2511993359E-02   1.2036086868E-06  -2.6352127746E-03
   26     -4.2937311702E-02   4.9184323071E-03  -3.1888531328E-03   3.2801942608E-03   7.7270557180E-04
   27      4.5403285262E-03  -7.8180513526E-02  -4.6987370159E-02   1.3080075414E-02   9.8294606343E-03
   28      9.2633101385E-04  -4.3120465830E-02  -4.2093866940E-01   6.2747677535E-02   2.4142575572E-03
   29     -2.4876504500E-03   1.3236645600E-02   6.2997932655E-02  -2.4830398394E-02  -1.3717556468E-03
   30     -2.2693404366E-04   3.2339927341E-03   1.0389395057E-03   4.0074434404E-04  -5.9826457225E-04
   31      3.2170168349E-03  -4.2818855714E-04  -4.7639348401E-03   2.1922242422E-03   8.1378699772E-04
   32      2.7333985019E-04   6.3565841581E-04   2.0636208438E-03   9.1766070445E-03  -8.0919694907E-05
   33      3.2644543126E-04   3.3111098434E-03  -6.2896430531E-03   1.1509206405E-03   1.4465798222E-02
   34     -1.3182754401E-04  -3.8103839802E-03  -3.2655187167E-03   1.6220109215E-03   2.8440175753E-02
   35     -9.9779218531E-04   8.1374633428E-04   1.9354439154E-03   4.7587683919E-03  -5.9937751669E-03
   36      2.3613663555E-04   6.2360383549E-03   7.6699448073E-04  -9.0665714313E-04  -1.6698923738E-02
   37      3.2265261664E-05   8.0020719522E-03   1.7683375896E-04  -1.3912380334E-03  -9.4113500051E-03
   38     -9.2623587820E-04  -3.2529582757E-03  -5.8749943358E-04  -6.6088767268E-04   2.4345046653E-03
                   10                 11                 12                 13                 14        
    0      9.0025527242E-03  -9.0445540689E-04  -4.4069103162E-02   7.6376957331E-03   3.6761286016E-03
    1     -2.9222994686E-02   2.8492163739E-03  -3.3095986441E-03   3.4329938787E-02  -3.7968005615E-03
    2      3.9365440779E-03   1.2343322998E-03   5.1940986360E-03  -4.6744522936E-03   7.6871272930E-03
    3      3.9456223491E-02   1.1682874897E-03  -6.2493143134E-03  -2.9226846106E-02   4.9582477275E-03
    4      4.3859843868E-02  -6.9170718071E-03  -1.5190526486E-03  -1.8188702820E-02   2.9039057765E-03
    5     -1.0639939240E-02   2.1887297497E-03   6.8308569297E-04   5.3029672991E-03  -1.9394280070E-03
    6      8.1303161135E-02   6.9719384486E-03   1.8068433209E-02   5.0162223610E-02  -8.0826851524E-03
    7     -2.4899937312E-01   1.4559181283E-02   3.3688058661E-02  -6.7464071346E-02   8.9691824116E-03
    8      1.8232450521E-02  -7.2596577217E-02  -5.4267254966E-03   7.7232490841E-03   1.3143233637E-02
    9      2.0277989485E-02  -6.7790996853E-02  -1.5641703553E-01  -3.6223595946E-02   1.3511204640E-02
   10      8.2710210342E-01  -9.9874866498E-02   1.4964004146E-02  -3.6874921638E-01   4.5460790037E-02
   11     -9.9874866498E-02   2.2272405626E-01   5.9289567512E-03   5.0484509834E-02  -7.5403708039E-02
   12      1.4964004146E-02   5.9289567512E-03   7.2523671035E-01  -9.6970043679E-02  -4.7911278342E-02
   13     -3.6874921638E-01   5.0484509834E-02  -9.6970043679E-02   8.2574019682E-01  -1.0463635405E-01
   14      4.5460790037E-02  -7.5403708039E-02  -4.7911278342E-02  -1.0463635405E-01   1.0298642580E-01
   15     -9.3227264938E-02   1.0743880721E-02  -1.9082037014E-01   3.9273808899E-02   6.8781261812E-03
   16     -2.8318196911E-02   6.9580097394E-03   1.0743620221E-02  -1.0916634386E-01   7.3815852650E-03
   17      1.1993697581E-02  -1.1987471025E-02   1.0652621629E-02   4.4792760851E-03  -5.7290875206E-02
   18     -6.5278593067E-02   4.0971084014E-02  -2.4433304912E-02  -4.3462326232E-02   1.0557725129E-02
   19     -1.5493629994E-01   2.8295963685E-02  -7.7847520577E-02  -4.4208604364E-02   1.6081130994E-02
   20      2.4229528321E-02  -6.6139353812E-02   1.6190349128E-02   1.2865949723E-02   7.6546101046E-03
   21      1.5863163484E-02  -9.5794897433E-04  -4.7604790368E-03  -7.4425753128E-02   1.3534902040E-02
   22      1.3498048266E-02  -1.5667289726E-03  -5.6368012936E-02  -6.7181262936E-02   1.8095289399E-02
   23     -2.6521362628E-03   6.2792694313E-03   1.0787109349E-02   1.9788801203E-02   1.3702198362E-02
   24     -5.0652242367E-03   1.1335729370E-03   8.1011276389E-04   7.1564797645E-04  -2.8245987631E-04
   25     -1.5195281000E-03   9.4903642564E-04   2.0794890465E-04   5.0922104557E-04  -2.5303899044E-04
   26      1.2112332260E-03   2.9514962231E-03  -2.0165661933E-04  -3.4900811163E-04  -9.7708389567E-04
   27      3.0148351417E-02  -5.5425344967E-03  -5.0487056736E-03   3.7010412828E-03   3.4483884686E-04
   28     -1.6400224340E-02   1.6955709337E-03   2.1720145274E-03   4.3010893987E-03  -2.1662233841E-04
   29     -6.9368291666E-04  -2.6596075239E-03   4.8158740134E-04  -2.5440835411E-04   4.4948970143E-03
   30      2.2562772014E-03  -2.8176959319E-04  -3.1649618765E-03   2.2196103552E-03   2.6718293836E-04
   31     -2.2889037903E-03   2.8862319620E-04   4.8317722593E-03  -2.3556885053E-03   4.4077096452E-04
   32      1.4405088946E-04   7.7604105261E-05  -9.1423505476E-05   7.4281040029E-04   3.4083041709E-03
   33      3.1436827996E-04  -1.6075864389E-03  -3.0523808617E-01   1.7494864840E-01   2.0419223771E-03
   34     -2.0578698110E-02   6.7607190852E-05   1.6742415652E-01  -1.9344383833E-01   9.8853839038E-03
   35      3.0260560848E-03  -1.1939710055E-03   3.5952442397E-03   9.1388343816E-03  -2.1766828779E-02
   36     -5.0017344604E-02   1.0181040481E-02  -3.9138955221E-03   1.5978706447E-03   5.2012477244E-04
   37     -1.3446560173E-02   2.2015902869E-03   2.0346714380E-03   5.8772824862E-03  -3.1542749334E-04
   38      5.6356325074E-03  -5.4747994498E-03   1.0405125380E-04  -6.1197051695E-04   4.3011275407E-03
                   15                 16                 17                 18                 19        
    0     -2.0643884128E-01   6.2309941385E-02   1.4847765451E-03  -3.9680291723E-03  -3.3305108426E-03
    1      5.3204760083E-02  -1.3653371081E-01   3.9413941807E-03  -2.4661589623E-03   3.2974381713E-03
    2      2.9852114286E-03   3.3608977825E-03  -7.7841887688E-02   7.0518372089E-04  -3.0713678400E-04
    3      4.9970117923E-02   1.4594570695E-02  -6.6819740072E-03   5.6932585900E-03  -2.3596458977E-03
    4      2.7670000984E-02  -4.6282951380E-02   4.9273483997E-03   5.8473988455E-03  -7.7545453269E-03
    5     -8.5853030132E-03   6.2121098454E-03   2.6208175350E-03  -7.6649800472E-04   2.4200587171E-03
    6     -4.9555038631E-02   1.4287408286E-02   1.7814242806E-03  -7.3009163957E-02   2.4991678798E-02
    7      1.8760854944E-02   1.1762264716E-02  -4.6816008629E-03  -1.7723708174E-04   2.3067455594E-02
    8      1.0744177565E-03  -4.1651450854E-03  -6.7223056122E-03   8.4242180352E-03  -3.4923355401E-03
    9      2.6967556893E-02  -4.0504496921E-02   2.9994621800E-03  -3.8306306326E-01  -1.0945208790E-01
   10     -9.3227264938E-02  -2.8318196911E-02   1.1993697581E-02  -6.5278593067E-02  -1.5493629994E-01
   11      1.0743880721E-02   6.9580097394E-03  -1.1987471025E-02   4.0971084014E-02   2.8295963685E-02
   12     -1.9082037014E-01   1.0743620221E-02   1.0652621629E-02  -2.4433304912E-02  -7.7847520577E-02
   13      3.9273808899E-02  -1.0916634386E-01   4.4792760851E-03  -4.3462326232E-02  -4.4208604364E-02
   14      6.8781261812E-03   7.3815852650E-03  -5.7290875206E-02   1.0557725129E-02   1.6081130994E-02
   15      4.9879833488E-01  -6.6811041115E-02  -1.6443031547E-02   7.8470345376E-03   2.0824198557E-02
   16     -6.6811041115E-02   9.7932787293E-01  -1.1358178035E-01   1.2896782710E-02   5.7287604033E-03
   17     -1.6443031547E-02  -1.1358178035E-01   2.1990414150E-01  -2.2716893902E-03  -2.1880302522E-03
   18      7.8470345376E-03   1.2896782710E-02  -2.2716893902E-03   5.1074115771E-01   1.5104206703E-01
   19      2.0824198557E-02   5.7287604033E-03  -2.1880302522E-03   1.5104206703E-01   6.3923983549E-01
   20     -3.7511342713E-03  -1.5874361452E-03   4.6073154950E-03  -7.1924342625E-02  -1.2620125473E-01
   21     -1.0114807325E-01  -1.0895718119E-02   4.1295773302E-03  -1.3960747071E-03  -5.1137930919E-03
   22     -3.5221861006E-03  -7.0029051525E-01   9.6102147490E-02  -7.5024204609E-03  -7.5893898600E-03
   23      3.0912689941E-03   9.6807874209E-02  -9.0126125215E-02   1.2030101542E-03   1.5437793870E-03
   24     -1.7528595406E-03  -1.7256827554E-03   1.4867564510E-03  -1.3500478793E-03   8.9875349027E-04
   25     -3.1965040126E-03  -2.4262096100E-03   2.4145026202E-03  -1.1321085922E-03   5.7348256137E-04
   26      1.7427358802E-03   2.2732436173E-03   1.1204420317E-02   3.2047831461E-04  -1.1813079475E-04
   27     -2.3897165551E-03   2.6573881219E-04   7.0928627840E-05   1.1670566088E-03  -9.4319019943E-04
   28     -1.0117366522E-04  -3.0853949327E-03   3.3040624516E-04  -4.2088916597E-03   1.2691813587E-03
   29      1.5282355503E-04   2.2318209375E-04  -1.2175405411E-03   9.3357408065E-05  -4.7817869363E-04
   30     -1.3119462175E-02  -1.0840956961E-02   2.9585695674E-03   2.9832059786E-04  -2.3375165318E-04
   31      1.8263757632E-02   1.0687905390E-02  -3.0309606904E-03  -1.3696685275E-04   4.2017881771E-04
   32     -1.4952332063E-03  -4.6695060947E-04   1.6492656619E-03  -5.9353487178E-05  -1.5553075270E-04
   33     -1.9439185398E-02   1.7310659958E-02  -5.6754743654E-04  -1.8823259964E-03  -2.4688746459E-03
   34     -1.0136147329E-02   2.0305259970E-02  -1.5644405948E-03   2.0507325782E-03   3.4564705110E-03
   35      3.2763346586E-03  -4.2806959503E-03   2.7373073087E-03  -3.0729475968E-04  -7.8404763351E-04
   36      1.0805027367E-03  -1.5785931840E-03   3.7921671492E-04  -3.6644818156E-02   3.9831962321E-03
   37     -1.0552969517E-03  -1.7087406579E-03   8.3392929361E-04  -4.7462797562E-02  -4.6256396341E-01
   38      3.5081191836E-04   8.8921644481E-04   2.4629374705E-03   1.3055745869E-02   8.5363327084E-02
                   20                 21                 22                 23                 24        
    0      8.0468738974E-04   1.5637238592E-02   1.8926783686E-02  -2.2895067268E-03   1.1527319666E-02
    1     -3.6874898804E-04   3.8405360473E-02  -6.9071203672E-02   1.0564515589E-02  -6.2768690767E-03
    2     -9.3434790076E-04  -5.2509719760E-03   1.2207800919E-02   2.1215409361E-02   7.4810769822E-04
    3      4.1680056887E-04  -1.2647992475E-02   1.6529109801E-02  -1.1036888347E-03  -2.0813614461E-01
    4      1.4576322028E-03   9.9207028097E-05   1.5107140275E-02  -1.8152595109E-03   1.4652826453E-01
    5      6.4226394895E-03   1.4202916507E-03  -3.2825490934E-03   3.6346845583E-03  -7.1285382548E-03
    6      4.9155871202E-03   9.1969311626E-03  -1.1297180472E-02   9.0172758274E-04  -2.4216565494E-02
    7     -1.1042384684E-03  -4.8079152445E-03  -9.0462695970E-03   1.9115959826E-03   1.9450734998E-02
    8      1.4849827854E-02  -7.6511448154E-05   2.4992218657E-03   3.2296725988E-05  -3.9787198497E-04
    9      4.9343125257E-02  -9.9836345854E-03   3.9808803644E-03   8.8336608013E-04  -1.1107620558E-03
   10      2.4229528321E-02   1.5863163484E-02   1.3498048266E-02  -2.6521362628E-03  -5.0652242367E-03
   11     -6.6139353812E-02  -9.5794897433E-04  -1.5667289726E-03   6.2792694313E-03   1.1335729370E-03
   12      1.6190349128E-02  -4.7604790368E-03  -5.6368012936E-02   1.0787109349E-02   8.1011276389E-04
   13      1.2865949723E-02  -7.4425753128E-02  -6.7181262936E-02   1.9788801203E-02   7.1564797645E-04
   14      7.6546101046E-03   1.3534902040E-02   1.8095289399E-02   1.3702198362E-02  -2.8245987631E-04
   15     -3.7511342713E-03  -1.0114807325E-01  -3.5221861006E-03   3.0912689941E-03  -1.7528595406E-03
   16     -1.5874361452E-03  -1.0895718119E-02  -7.0029051525E-01   9.6807874209E-02  -1.7256827554E-03
   17      4.6073154950E-03   4.1295773302E-03   9.6102147490E-02  -9.0126125215E-02   1.4867564510E-03
   18     -7.1924342625E-02  -1.3960747071E-03  -7.5024204609E-03   1.2030101542E-03  -1.3500478793E-03
   19     -1.2620125473E-01  -5.1137930919E-03  -7.5893898600E-03   1.5437793870E-03   8.9875349027E-04
   20      6.3077041655E-02   9.2507087843E-04   1.9418495184E-03  -9.3386514627E-04   4.9989979310E-05
   21      9.2507087843E-04   9.7195879196E-02   3.9116585461E-02  -1.1932557422E-02   9.7571330906E-04
   22      1.9418495184E-03   3.9116585461E-02   8.2366331933E-01  -1.2452293987E-01  -9.9306624170E-04
   23     -9.3386514627E-04  -1.1932557422E-02  -1.2452293987E-01   5.3590351899E-02  -1.6707164352E-04
   24      4.9989979310E-05   9.7571330906E-04  -9.9306624170E-04  -1.6707164352E-04   2.2191754813E-01
   25      9.9078711222E-05   1.2375887035E-03  -1.2018399879E-03  -3.1157646870E-04  -1.5468803359E-01
   26      3.5479096908E-04  -5.0727765327E-04  -1.0249625319E-04  -2.4955562717E-03   5.5817168924E-03
   27     -2.3074619326E-04   5.3792703866E-04  -2.9597803671E-04  -1.6145974110E-05   6.2859754359E-04
   28     -2.2338265185E-04   2.2523585314E-05   2.4993746681E-03  -4.0702361435E-04   7.8607312199E-04
   29     -3.0992473241E-03  -6.7176046755E-05  -3.4263081810E-04  -7.1640353698E-05  -3.1863859348E-04
   30     -5.3975473102E-05   2.2999663981E-03  -1.9132805162E-04  -3.1715689528E-04   3.9220906443E-04
   31     -1.6861217188E-04  -1.9380081333E-03   1.0313541435E-03  -2.3734387243E-04   7.3335603894E-05
   32     -7.2538608402E-04  -4.5799121505E-05  -3.7427433095E-04  -1.5699190704E-03  -5.7206028083E-04
   33      3.4007417230E-04   4.4352940448E-03   1.0439791059E-03  -9.3532752482E-04   6.9603051639E-05
   34     -1.1111818583E-03   2.2086464913E-03  -2.7245008307E-03  -3.3288752822E-04   8.1915852083E-05
   35     -1.9575038536E-03  -1.0931111164E-03  -2.1862199772E-04  -2.8273244906E-03  -5.2001071466E-05
   36      2.9728896923E-03  -3.4269569095E-04   5.4108976902E-04  -9.9274307786E-05   2.4527605023E-04
   37      9.0191201854E-02   2.5985660368E-04   1.3057454483E-03  -3.1187254777E-04   2.1223789821E-04
   38     -2.3176521446E-02  -8.4240972302E-05  -4.6159455188E-04  -4.2977978960E-04  -8.2141143991E-05
                   25                 26                 27                 28                 29        
    0      1.9522681260E-02  -3.1503857732E-03  -5.4930138484E-03  -2.2420614884E-04   9.0142308146E-04
    1     -1.0580384190E-02   3.6714961537E-03  -9.9058836194E-04   3.8485392456E-03   2.2999304569E-05
    2      1.2398439302E-03   8.9413450324E-03   9.4523490393E-04  -1.3854262813E-04   3.1148225159E-03
    3      1.5554225673E-01  -8.5923813769E-03   1.4367780831E-03  -4.0774162248E-03   2.1267670026E-04
    4     -2.0615894214E-01   1.1405558065E-02  -3.3041892170E-02  -4.3366478274E-03   3.7597857424E-03
    5      1.0612008336E-02  -4.2937311702E-02   4.5403285262E-03   9.2633101385E-04  -2.4876504500E-03
    6     -1.5106939844E-02   4.9184323071E-03  -7.8180513526E-02  -4.3120465830E-02   1.3236645600E-02
    7      1.2511993359E-02  -3.1888531328E-03  -4.6987370159E-02  -4.2093866940E-01   6.2997932655E-02
    8      1.2036086868E-06   3.2801942608E-03   1.3080075414E-02   6.2747677535E-02  -2.4830398394E-02
    9     -2.6352127746E-03   7.7270557180E-04   9.8294606343E-03   2.4142575572E-03  -1.3717556468E-03
   10     -1.5195281000E-03   1.2112332260E-03   3.0148351417E-02  -1.6400224340E-02  -6.9368291666E-04
   11      9.4903642564E-04   2.9514962231E-03  -5.5425344967E-03   1.6955709337E-03  -2.6596075239E-03
   12      2.0794890465E-04  -2.0165661933E-04  -5.0487056736E-03   2.1720145274E-03   4.8158740134E-04
   13      5.0922104557E-04  -3.4900811163E-04   3.7010412828E-03   4.3010893987E-03  -2.5440835411E-04
   14     -2.5303899044E-04  -9.7708389567E-04   3.4483884686E-04  -2.1662233841E-04   4.4948970143E-03
   15     -3.1965040126E-03   1.7427358802E-03  -2.3897165551E-03  -1.0117366522E-04   1.5282355503E-04
   16     -2.4262096100E-03   2.2732436173E-03   2.6573881219E-04  -3.0853949327E-03   2.2318209375E-04
   17      2.4145026202E-03   1.1204420317E-02   7.0928627840E-05   3.3040624516E-04  -1.2175405411E-03
   18     -1.1321085922E-03   3.2047831461E-04   1.1670566088E-03  -4.2088916597E-03   9.3357408065E-05
   19      5.7348256137E-04  -1.1813079475E-04  -9.4319019943E-04   1.2691813587E-03  -4.7817869363E-04
   20      9.9078711222E-05   3.5479096908E-04  -2.3074619326E-04  -2.2338265185E-04  -3.0992473241E-03
   21      1.2375887035E-03  -5.0727765327E-04   5.3792703866E-04   2.2523585314E-05  -6.7176046755E-05
   22     -1.2018399879E-03  -1.0249625319E-04  -2.9597803671E-04   2.4993746681E-03  -3.4263081810E-04
   23     -3.1157646870E-04  -2.4955562717E-03  -1.6145974110E-05  -4.0702361435E-04  -7.1640353698E-05
   24     -1.5468803359E-01   5.5817168924E-03   6.2859754359E-04   7.8607312199E-04  -3.1863859348E-04
   25      2.0608590978E-01  -1.3187032631E-02   3.0348047212E-05   1.0168271993E-03  -4.1506715072E-04
   26     -1.3187032631E-02   2.7265582041E-02  -2.2425951215E-04  -4.6420497135E-04  -1.6596206087E-03
   27      3.0348047212E-05  -2.2425951215E-04   8.1171186948E-02   4.7592470957E-02  -1.3804904200E-02
   28      1.0168271993E-03  -4.6420497135E-04   4.7592470957E-02   4.2906086195E-01  -6.5162065761E-02
   29     -4.1506715072E-04  -1.6596206087E-03  -1.3804904200E-02  -6.5162065761E-02   2.4544994800E-02
   30     -1.5565146957E-05  -5.5382204328E-04   2.4220937159E-04   1.2778305106E-04   4.6620364427E-05
   31      1.0189581968E-03  -1.0416757431E-03  -1.1213558873E-03   1.5762497426E-04   2.4572236108E-04
   32     -1.0244515336E-03  -5.5744708049E-03   2.5255715615E-04   1.0468350935E-04   9.3870752788E-04
   33      6.3165446047E-05  -5.0136578992E-05   8.1036451705E-04   1.1651293930E-04   9.9397623657E-05
   34      5.0792488487E-05  -6.7041244063E-05   9.1181325373E-04  -7.9534217952E-05   2.3146813896E-04
   35     -6.6230008416E-05  -3.2697341982E-04  -6.5375163650E-05   2.7408629160E-04   1.8380802185E-03
   36      1.7228730131E-04  -5.5510517547E-05  -4.7116311423E-03  -1.4972914760E-03   3.4072569134E-04
   37      1.1971939484E-04  -4.3619751634E-05   7.2842031046E-04   2.6869719149E-03  -1.3415848082E-04
   38     -5.7745278395E-05  -2.6812141065E-05   6.4721912684E-04   5.3218831647E-04   1.0942031185E-03
                   30                 31                 32                 33                 34        
    0     -3.1505989379E-01  -9.7734847444E-02   4.0060443372E-02  -3.0557783310E-03  -3.9170934923E-03
    1     -9.8208509647E-02  -9.0092216269E-02   1.7619308009E-02  -2.7329483727E-03  -1.8798961563E-03
    2      4.0175158003E-02   1.7610244047E-02  -3.8017913120E-02   1.0128186892E-03   1.1484941152E-03
    3      1.6529826413E-03  -2.7054783824E-02   4.0359071334E-03  -1.8561953785E-03  -3.3477087235E-04
    4      9.6873704497E-04  -4.3788139617E-03   7.1249865456E-04  -1.6853258289E-03   5.4138010295E-05
    5     -2.2693404366E-04   3.2170168349E-03   2.7333985019E-04   3.2644543126E-04  -1.3182754401E-04
    6      3.2339927341E-03  -4.2818855714E-04   6.3565841581E-04   3.3111098434E-03  -3.8103839802E-03
    7      1.0389395057E-03  -4.7639348401E-03   2.0636208438E-03  -6.2896430531E-03  -3.2655187167E-03
    8      4.0074434404E-04   2.1922242422E-03   9.1766070445E-03   1.1509206405E-03   1.6220109215E-03
    9     -5.9826457225E-04   8.1378699772E-04  -8.0919694907E-05   1.4465798222E-02   2.8440175753E-02
   10      2.2562772014E-03  -2.2889037903E-03   1.4405088946E-04   3.1436827996E-04  -2.0578698110E-02
   11     -2.8176959319E-04   2.8862319620E-04   7.7604105261E-05  -1.6075864389E-03   6.7607190852E-05
   12     -3.1649618765E-03   4.8317722593E-03  -9.1423505476E-05  -3.0523808617E-01   1.6742415652E-01
   13      2.2196103552E-03  -2.3556885053E-03   7.4281040029E-04   1.7494864840E-01  -1.9344383833E-01
   14      2.6718293836E-04   4.4077096452E-04   3.4083041709E-03   2.0419223771E-03   9.8853839038E-03
   15     -1.3119462175E-02   1.8263757632E-02  -1.4952332063E-03  -1.9439185398E-02  -1.0136147329E-02
   16     -1.0840956961E-02   1.0687905390E-02  -4.6695060947E-04   1.7310659958E-02   2.0305259970E-02
   17      2.9585695674E-03  -3.0309606904E-03   1.6492656619E-03  -5.6754743654E-04  -1.5644405948E-03
   18      2.9832059786E-04  -1.3696685275E-04  -5.9353487178E-05  -1.8823259964E-03   2.0507325782E-03
   19     -2.3375165318E-04   4.2017881771E-04  -1.5553075270E-04  -2.4688746459E-03   3.4564705110E-03
   20     -5.3975473102E-05  -1.6861217188E-04  -7.2538608402E-04   3.4007417230E-04  -1.1111818583E-03
   21      2.2999663981E-03  -1.9380081333E-03  -4.5799121505E-05   4.4352940448E-03   2.2086464913E-03
   22     -1.9132805162E-04   1.0313541435E-03  -3.7427433095E-04   1.0439791059E-03  -2.7245008307E-03
   23     -3.1715689528E-04  -2.3734387243E-04  -1.5699190704E-03  -9.3532752482E-04  -3.3288752822E-04
   24      3.9220906443E-04   7.3335603894E-05  -5.7206028083E-04   6.9603051639E-05   8.1915852083E-05
   25     -1.5565146957E-05   1.0189581968E-03  -1.0244515336E-03   6.3165446047E-05   5.0792488487E-05
   26     -5.5382204328E-04  -1.0416757431E-03  -5.5744708049E-03  -5.0136578992E-05  -6.7041244063E-05
   27      2.4220937159E-04  -1.1213558873E-03   2.5255715615E-04   8.1036451705E-04   9.1181325373E-04
   28      1.2778305106E-04   1.5762497426E-04   1.0468350935E-04   1.1651293930E-04  -7.9534217952E-05
   29      4.6620364427E-05   2.4572236108E-04   9.3870752788E-04   9.9397623657E-05   2.3146813896E-04
   30      3.2423105533E-01   1.0356964163E-01  -4.2527627614E-02  -3.6021187726E-04  -6.3068548995E-04
   31      1.0356964163E-01   8.9744408494E-02  -1.9261738454E-02   7.4524309280E-04   8.0112047886E-04
   32     -4.2527627614E-02  -1.9261738454E-02   3.0610719559E-02  -1.0365482917E-04  -1.0690775473E-04
   33     -3.6021187726E-04   7.4524309280E-04  -1.0365482917E-04   3.0889670332E-01  -1.8177553616E-01
   34     -6.3068548995E-04   8.0112047886E-04  -1.0690775473E-04  -1.8177553616E-01   1.9761251783E-01
   35      1.0212416041E-04  -2.2652566224E-04  -2.1688882539E-04  -1.5428114185E-03  -9.6107838067E-03
   36     -4.7941844974E-05   1.1407643062E-04  -9.5595498118E-06  -1.5708984772E-04  -5.1227765403E-04
   37     -5.7654793361E-05   1.8006871723E-05   3.2241084020E-06   4.0920536720E-04  -3.0831292581E-04
   38      1.1951495972E-05  -2.8088030412E-05  -2.9970015260E-05  -1.6637250440E-04  -2.7261547583E-05
                   35                 36                 37                 38        
     0      1.1473881023E-03   3.3227760247E-04   5.5087193341E-04  -1.3201331059E-04
     1      1.0162621604E-03   9.7568652872E-04   4.3913811874E-04  -2.4268714891E-04
     2      3.0446227564E-03  -1.7631592855E-04  -1.2252333263E-04   5.8640231532E-05
     3      1.5654233938E-04  -1.9304642139E-03  -1.0080791401E-03   4.4848967900E-04
     4     -1.6783139184E-06  -1.3819151386E-03  -1.0247670706E-03   2.9930510643E-04
     5     -9.9779218531E-04   2.3613663555E-04   3.2265261664E-05  -9.2623587820E-04
     6      8.1374633428E-04   6.2360383549E-03   8.0020719522E-03  -3.2529582757E-03
     7      1.9354439154E-03   7.6699448073E-04   1.7683375896E-04  -5.8749943358E-04
     8      4.7587683919E-03  -9.0665714313E-04  -1.3912380334E-03  -6.6088767268E-04
     9     -5.9937751669E-03  -1.6698923738E-02  -9.4113500051E-03   2.4345046653E-03
    10      3.0260560848E-03  -5.0017344604E-02  -1.3446560173E-02   5.6356325074E-03
    11     -1.1939710055E-03   1.0181040481E-02   2.2015902869E-03  -5.4747994498E-03
    12      3.5952442397E-03  -3.9138955221E-03   2.0346714380E-03   1.0405125380E-04
    13      9.1388343816E-03   1.5978706447E-03   5.8772824862E-03  -6.1197051695E-04
    14     -2.1766828779E-02   5.2012477244E-04  -3.1542749334E-04   4.3011275407E-03
    15      3.2763346586E-03   1.0805027367E-03  -1.0552969517E-03   3.5081191836E-04
    16     -4.2806959503E-03  -1.5785931840E-03  -1.7087406579E-03   8.8921644481E-04
    17      2.7373073087E-03   3.7921671492E-04   8.3392929361E-04   2.4629374705E-03
    18     -3.0729475968E-04  -3.6644818156E-02  -4.7462797562E-02   1.3055745869E-02
    19     -7.8404763351E-04   3.9831962321E-03  -4.6256396341E-01   8.5363327084E-02
    20     -1.9575038536E-03   2.9728896923E-03   9.0191201854E-02  -2.3176521446E-02
    21     -1.0931111164E-03  -3.4269569095E-04   2.5985660368E-04  -8.4240972302E-05
    22     -2.1862199772E-04   5.4108976902E-04   1.3057454483E-03  -4.6159455188E-04
    23     -2.8273244906E-03  -9.9274307786E-05  -3.1187254777E-04  -4.2977978960E-04
    24     -5.2001071466E-05   2.4527605023E-04   2.1223789821E-04  -8.2141143991E-05
    25     -6.6230008416E-05   1.7228730131E-04   1.1971939484E-04  -5.7745278395E-05
    26     -3.2697341982E-04  -5.5510517547E-05  -4.3619751634E-05  -2.6812141065E-05
    27     -6.5375163650E-05  -4.7116311423E-03   7.2842031046E-04   6.4721912684E-04
    28      2.7408629160E-04  -1.4972914760E-03   2.6869719149E-03   5.3218831647E-04
    29      1.8380802185E-03   3.4072569134E-04  -1.3415848082E-04   1.0942031185E-03
    30      1.0212416041E-04  -4.7941844974E-05  -5.7654793361E-05   1.1951495972E-05
    31     -2.2652566224E-04   1.1407643062E-04   1.8006871723E-05  -2.8088030412E-05
    32     -2.1688882539E-04  -9.5595498118E-06   3.2241084020E-06  -2.9970015260E-05
    33     -1.5428114185E-03  -1.5708984772E-04   4.0920536720E-04  -1.6637250440E-04
    34     -9.6107838067E-03  -5.1227765403E-04  -3.0831292581E-04  -2.7261547583E-05
    35      1.8059974996E-02  -3.5153340786E-05  -2.0473185280E-04  -1.1514711114E-03
    36     -3.5153340786E-05   5.6553365411E-02   4.6817031809E-02  -1.3341355501E-02
    37     -2.0473185280E-04   4.6817031809E-02   4.6842864625E-01  -9.0720731132E-02
    38     -1.1514711114E-03  -1.3341355501E-02  -9.0720731132E-02   2.3959569143E-02

$vibrational_frequencies
39
    0        0.0000000000000000
    1        0.0000000000000000
    2        0.0000000000000000
    3        0.0000000000000000
    4        0.0000000000000000
    5        0.0000000000000000
    6      163.6482720127315815
    7      199.4795791596542642
    8      370.4874391518894186
    9      385.7430387129145970
   10      427.7768808237706821
   11      536.4692436811094467
   12      544.2900598119470033
   13      570.1488696889709900
   14      631.7881340014008629
   15      696.4400312947529983
   16      719.9535601086314500
   17      779.3397439709511900
   18      782.6303490731695547
   19      840.6917335551027008
   20      966.5058225425992759
   21      996.2609851872887248
   22     1040.4286797342488171
   23     1090.2188928270604720
   24     1186.0445113939738349
   25     1220.0293554373511142
   26     1236.6761440625189152
   27     1381.5419714725851463
   28     1409.1432358303870842
   29     1485.8441068968938907
   30     1579.8462064655009272
   31     1698.0883327817530244
   32     1715.1077477642343183
   33     1815.4543652378172283
   34     3240.7332133241316114
   35     3251.3445984318318551
   36     3529.9696786072413488
   37     3544.0868687977658738
   38     3699.5920711016588029

$normal_modes
39 39
                    0                  1                  2                  3                  4        
    0      0.0000000000E+00   0.0000000000E+00   0.0000000000E+00   0.0000000000E+00   0.0000000000E+00
    1      0.0000000000E+00   0.0000000000E+00   0.0000000000E+00   0.0000000000E+00   0.0000000000E+00
    2      0.0000000000E+00   0.0000000000E+00   0.0000000000E+00   0.0000000000E+00   0.0000000000E+00
    3      0.0000000000E+00   0.0000000000E+00   0.0000000000E+00   0.0000000000E+00   0.0000000000E+00
    4      0.0000000000E+00   0.0000000000E+00   0.0000000000E+00   0.0000000000E+00   0.0000000000E+00
    5      0.0000000000E+00   0.0000000000E+00   0.0000000000E+00   0.0000000000E+00   0.0000000000E+00
    6      0.0000000000E+00   0.0000000000E+00   0.0000000000E+00   0.0000000000E+00   0.0000000000E+00
    7      0.0000000000E+00   0.0000000000E+00   0.0000000000E+00   0.0000000000E+00   0.0000000000E+00
    8      0.0000000000E+00   0.0000000000E+00   0.0000000000E+00   0.0000000000E+00   0.0000000000E+00
    9      0.0000000000E+00   0.0000000000E+00   0.0000000000E+00   0.0000000000E+00   0.0000000000E+00
   10      0.0000000000E+00   0.0000000000E+00   0.0000000000E+00   0.0000000000E+00   0.0000000000E+00
   11      0.0000000000E+00   0.0000000000E+00   0.0000000000E+00   0.0000000000E+00   0.0000000000E+00
   12      0.0000000000E+00   0.0000000000E+00   0.0000000000E+00   0.0000000000E+00   0.0000000000E+00
   13      0.0000000000E+00   0.0000000000E+00   0.0000000000E+00   0.0000000000E+00   0.0000000000E+00
   14      0.0000000000E+00   0.0000000000E+00   0.0000000000E+00   0.0000000000E+00   0.0000000000E+00
   15      0.0000000000E+00   0.0000000000E+00   0.0000000000E+00   0.0000000000E+00   0.0000000000E+00
   16      0.0000000000E+00   0.0000000000E+00   0.0000000000E+00   0.0000000000E+00   0.0000000000E+00
   17      0.0000000000E+00   0.0000000000E+00   0.0000000000E+00   0.0000000000E+00   0.0000000000E+00
   18      0.0000000000E+00   0.0000000000E+00   0.0000000000E+00   0.0000000000E+00   0.0000000000E+00
   19      0.0000000000E+00   0.0000000000E+00   0.0000000000E+00   0.0000000000E+00   0.0000000000E+00
   20      0.0000000000E+00   0.0000000000E+00   0.0000000000E+00   0.0000000000E+00   0.0000000000E+00
   21      0.0000000000E+00   0.0000000000E+00   0.0000000000E+00   0.0000000000E+00   0.0000000000E+00
   22      0.0000000000E+00   0.0000000000E+00   0.0000000000E+00   0.0000000000E+00   0.0000000000E+00
   23      0.0000000000E+00   0.0000000000E+00   0.0000000000E+00   0.0000000000E+00   0.0000000000E+00
   24      0.0000000000E+00   0.0000000000E+00   0.0000000000E+00   0.0000000000E+00   0.0000000000E+00
   25      0.0000000000E+00   0.0000000000E+00   0.0000000000E+00   0.0000000000E+00   0.0000000000E+00
   26      0.0000000000E+00   0.0000000000E+00   0.0000000000E+00   0.0000000000E+00   0.0000000000E+00
   27      0.0000000000E+00   0.0000000000E+00   0.0000000000E+00   0.0000000000E+00   0.0000000000E+00
   28      0.0000000000E+00   0.0000000000E+00   0.0000000000E+00   0.0000000000E+00   0.0000000000E+00
   29      0.0000000000E+00   0.0000000000E+00   0.0000000000E+00   0.0000000000E+00   0.0000000000E+00
   30      0.0000000000E+00   0.0000000000E+00   0.0000000000E+00   0.0000000000E+00   0.0000000000E+00
   31      0.0000000000E+00   0.0000000000E+00   0.0000000000E+00   0.0000000000E+00   0.0000000000E+00
   32      0.0000000000E+00   0.0000000000E+00   0.0000000000E+00   0.0000000000E+00   0.0000000000E+00
   33      0.0000000000E+00   0.0000000000E+00   0.0000000000E+00   0.0000000000E+00   0.0000000000E+00
   34      0.0000000000E+00   0.0000000000E+00   0.0000000000E+00   0.0000000000E+00   0.0000000000E+00
   35      0.0000000000E+00   0.0000000000E+00   0.0000000000E+00   0.0000000000E+00   0.0000000000E+00
   36      0.0000000000E+00   0.0000000000E+00   0.0000000000E+00   0.0000000000E+00   0.0000000000E+00
   37      0.0000000000E+00   0.0000000000E+00   0.0000000000E+00   0.0000000000E+00   0.0000000000E+00
   38      0.0000000000E+00   0.0000000000E+00   0.0000000000E+00   0.0000000000E+00   0.0000000000E+00
                    5                  6                  7                  8                  9        
    0      0.0000000000E+00   2.1135571207E-02  -2.3185022054E-02   7.2654119997E-02  -8.6564138041E-03
    1      0.0000000000E+00   3.5271285561E-02  -3.8672102422E-02  -1.9850647558E-02  -6.2311503366E-03
    2      0.0000000000E+00   2.3070171857E-01  -2.5225633245E-01  -2.3591778307E-02  -5.3733666324E-02
    3      0.0000000000E+00   1.0153862591E-03  -3.1021919908E-03   6.8527677902E-02   3.4736125218E-03
    4      0.0000000000E+00   1.4196693439E-03  -2.7773523945E-03  -3.9616015470E-02   1.2525979367E-02
    5      0.0000000000E+00   7.3747412932E-03  -1.8660810359E-02   1.5008468799E-02   6.3960787582E-02
    6      0.0000000000E+00  -1.9586779595E-02   2.1844080511E-02   6.7881492116E-02  -3.9273199843E-03
    7      0.0000000000E+00  -3.2422216111E-02   4.1728427503E-02  -1.4126627272E-01   3.4984625537E-03
    8      0.0000000000E+00  -2.1617595204E-01   2.5871110789E-01   1.8854384076E-02  -2.5486218222E-02
    9      0.0000000000E+00   3.2784495521E-03   8.8864880611E-03   1.0506135680E-01  -7.0192247822E-03
   10      0.0000000000E+00   3.8074489376E-03   1.9049198151E-02  -7.5553103978E-02   2.3347458668E-03
   11      0.0000000000E+00   3.2258467808E-02   1.0630080505E-01  -2.0185147623E-04  -8.0500819538E-03
   12      0.0000000000E+00   3.2868228020E-02   2.2604645038E-02   1.8026794190E-01  -7.1284292206E-03
   13      0.0000000000E+00   5.3641068156E-02   4.2589885530E-02  -1.2621744652E-01   1.1544606810E-02
   14      0.0000000000E+00   3.5238523324E-01   2.5927471271E-01   1.6765925286E-02   3.3375836030E-02
   15      0.0000000000E+00   5.8243868597E-03   8.2082062257E-04   1.5177320720E-02  -4.6500190556E-03
