
$orca_hessian_file

$act_atom
  0

$act_coord
  0

$act_energy
        0.000000

$multiplicity
  1

$hessian
9
                    0                  1                  2                  3                  4        
    0      5.2533598813E-01   1.0219089474E-01  -3.2595322526E-02  -4.7894019397E-01  -2.3892469372E-02
    1      1.0219089474E-01   4.7779708927E-01  -1.5215629571E-01  -7.9839480551E-02  -4.2565614161E-02
    2     -3.2595322526E-02  -1.5215629571E-01   4.8421499541E-02   2.5441385888E-02   1.3542932856E-02
    3     -4.7894019397E-01  -7.9839480551E-02   2.5441385888E-02   4.8905100124E-01   7.0480853923E-02
    4     -2.3892469372E-02  -4.2565614161E-02   1.3542932856E-02   7.0480853923E-02   5.1880358379E-02
    5      7.6579685820E-03   1.3557258075E-02  -4.2845242369E-03  -2.2473773411E-02  -1.6509759880E-02
    6     -4.6395794159E-02  -2.2331440242E-02   7.1255637147E-03  -1.0110807273E-02  -4.6583251464E-02
    7     -7.8318399323E-02  -4.3523147510E-01   1.3860950344E-01   9.3534935416E-03  -9.3147442175E-03
    8      2.4965726867E-02   1.3860289705E-01  -4.4136975304E-02  -2.9886523390E-03   2.9627004685E-03
                    5                  6                  7                  8        
     0      7.6579685820E-03  -4.6395794159E-02  -7.8318399323E-02   2.4965726867E-02
     1      1.3557258075E-02  -2.2331440242E-02  -4.3523147510E-01   1.3860289705E-01
     2     -4.2845242369E-03   7.1255637147E-03   1.3860950344E-01  -4.4136975304E-02
     3     -2.2473773411E-02  -1.0110807273E-02   9.3534935416E-03  -2.9886523390E-03
     4     -1.6509759880E-02  -4.6583251464E-02  -9.3147442175E-03   2.9627004685E-03
     5      5.2314284786E-03   1.4836844691E-02   2.9566283597E-03  -9.4690424163E-04
     6      1.4836844691E-02   5.6506601431E-02   6.8939798744E-02  -2.1969741467E-02
     7      2.9566283597E-03   6.8939798744E-02   4.4454621932E-01  -1.4156586466E-01
     8     -9.4690424163E-04  -2.1969741467E-02  -1.4156586466E-01   4.5083879546E-02

$vibrational_frequencies
9
    0        0.0000000000000000
    1        0.0000000000000000
    2        0.0000000000000000
    3        0.0000000000000000
    4        0.0000000000000000
    5        0.0000000000000000
    6     1581.5929073025397429
    7     3678.5225762399941232
    8     3786.7399854983050318

$normal_modes
9 9
                    0                  1                  2                  3                  4        
    0      0.0000000000E+00   0.0000000000E+00   0.0000000000E+00   0.0000000000E+00   0.0000000000E+00
    1      0.0000000000E+00   0.0000000000E+00   0.0000000000E+00   0.0000000000E+00   0.0000000000E+00
    2      0.0000000000E+00   0.0000000000E+00   0.0000000000E+00   0.0000000000E+00   0.0000000000E+00
    3      0.0000000000E+00   0.0000000000E+00   0.0000000000E+00   0.0000000000E+00   0.0000000000E+00
    4      0.0000000000E+00   0.0000000000E+00   0.0000000000E+00   0.0000000000E+00   0.0000000000E+00
    5      0.0000000000E+00   0.0000000000E+00   0.0000000000E+00   0.0000000000E+00   0.0000000000E+00
    6      0.0000000000E+00   0.0000000000E+00   0.0000000000E+00   0.0000000000E+00   0.0000000000E+00
    7      0.0000000000E+00   0.0000000000E+00   0.0000000000E+00   0.0000000000E+00   0.0000000000E+00
    8      0.0000000000E+00   0.0000000000E+00   0.0000000000E+00   0.0000000000E+00   0.0000000000E+00
                    5                  6                  7                  8        
     0      0.0000000000E+00  -5.0366704874E-02   3.4976676981E-02   4.9544550263E-02
     1      0.0000000000E+00   4.7809697752E-02  -3.3161466700E-02   4.7418123160E-02
     2      0.0000000000E+00  -1.5226500745E-02   1.0561311223E-02  -1.5101791511E-02
     3      0.0000000000E+00   1.0099418010E-01  -6.9253447594E-01  -6.9932727268E-01
     4      0.0000000000E+00  -6.6513227675E-01  -1.3344690946E-01  -8.5352785742E-02
     5      0.0000000000E+00   2.1183227638E-01   4.2500362102E-02   2.7183276967E-02
     6      0.0000000000E+00   6.9842735886E-01   1.3738382611E-01  -8.7045008734E-02
     7      0.0000000000E+00  -9.3704384299E-02   6.5978649848E-01  -6.6726879405E-01
     8      0.0000000000E+00   2.9843105990E-02  -2.1012974529E-01   2.1251271746E-01

#
# The atoms: label  mass x y z (in bohrs)
#
$atoms
3
 O     15.99900     -0.089211856561     0.084687675612    -0.026971451744
 H      1.00800      1.731609311710     0.306925224178    -0.097749983256
 H      1.00800     -0.315636600279    -1.651090027859     0.525841507519

$actual_temperature
  0.000000

$frequency_scale_factor
  1.000000

$dipole_derivatives
9
   -3.8776750165E-01   -5.7208793950E-02    1.8197548153E-02
   -5.7072788985E-02   -4.1834486927E-01   -9.4567266227E-02
    1.8141355930E-02   -9.4670861939E-02   -6.8548880938E-01
    9.9320522356E-02    1.9625957979E-02   -6.0912442425E-03
    3.6978036378E-02    2.9497781683E-01    1.9953741901E-02
   -1.1710321965E-02    1.9920271379E-02    3.5126096928E-01
    2.8841960583E-01    3.7623760942E-02   -1.2119209595E-02
    2.0132178055E-02    1.2334287970E-01    7.4619864561E-02
   -6.4205099929E-03    7.4765823258E-02    3.3422926662E-01

#
# The IR spectrum
#  wavenumber eps Int TX TY TZ
#
$ir_spectrum
9
      0.00   0.00000000   0.00000000     0.000000     0.000000     0.000000
      0.00   0.00000000   0.00000000     0.000000     0.000000     0.000000
      0.00   0.00000000   0.00000000     0.000000     0.000000     0.000000
      0.00   0.00000000   0.00000000     0.000000     0.000000     0.000000
      0.00   0.00000000   0.00000000     0.000000     0.000000     0.000000
      0.00   0.00000000   0.00000000     0.000000     0.000000     0.000000
   1581.59   0.01401908  70.84669294     0.037264    -0.035368     0.011252
   3678.52   0.00036155   1.82713952    -0.003935     0.003705    -0.001207
   3786.74   0.00653357  33.01796709    -0.016368    -0.015672     0.004990


$end

